7 0 7 5
0 10 5 4
26 0 4 4
0 45 6 2
66 0 3 4
0 71 5 4
88 0 6 1
4 1 6 1
11 1 8 1
1 12 1 2
20 1 6 4
24 1 6 2
1 32 7 4
1 42 8 5
1 49 4 1
1 55 6 5
1 59 2 2
67 1 8 3
69 1 6 3
82 1 7 5
1 84 1 4
1 90 3 4
0 2 6 1
2 5 6 2
7 2 7 3
10 2 3 4
2 34 3 4
36 2 1 5
39 2 1 5
2 47 1 1
2 54 8 1
71 2 6 2
2 78 8 1
88 2 8 4
6 3 6 1
15 3 6 3
19 3 4 5
3 25 3 5
3 37 4 5
38 3 5 2
60 3 1 3
68 3 4 3
3 81 8 4
3 87 6 3
93 3 8 2
99 3 4 4
12 4 5 4
4 20 5 2
24 4 3 2
4 32 3 2
4 42 4 3
49 4 2 2
4 53 3 1
4 61 8 5
4 69 1 3
4 84 5 1
4 85 5 4
4 86 3 3
5 0 5 4
7 5 4 3
5 26 6 4
5 27 4 1
36 5 1 2
5 66 2 1
71 5 4 5
74 5 5 2
18 6 8 2
6 22 4 2
25 6 4 4
35 6 2 2
6 37 2 1
41 6 6 5
6 50 8 3
6 58 8 1
6 70 1 4
87 6 7 3
6 92 4 5
93 6 7 4
7 10 2 2
7 26 7 2
34 7 4 5
7 36 6 5
66 7 3 2
7 71 2 2
7 78 4 1
88 7 7 1
19 8 2 4
29 8 6 3
8 30 1 3
8 33 7 5
8 51 3 1
8 70 5 4
92 8 5 3
8 94 8 5
9 18 8 1
40 9 2 1
57 9 6 3
9 58 1 1
60 9 4 3
63 9 2 2
79 9 7 2
10 5 2 3
10 23 4 3
39 10 8 1
47 10 5 2
48 10 7 5
54 10 3 3
71 10 7 4
10 73 7 5
17 11 2 1
11 22 6 4
24 11 4 2
32 11 8 1
34 11 2 5
35 11 3 3
11 38 8 2
11 42 6 5
11 45 5 5
46 11 4 5
47 11 3 1
11 48 4 2
53 11 4 4
67 11 8 1
74 11 1 2
11 84 2 2
12 20 3 1
12 24 5 5
32 12 7 2
42 12 2 3
49 12 4 4
53 12 2 5
12 61 7 3
12 82 4 4
12 85 4 4
86 12 3 3
91 12 2 2
13 14 4 3
13 16 4 3
13 17 8 3
13 36 1 5
13 45 6 3
13 56 6 5
62 13 1 3
13 65 4 4
66 13 1 5
13 75 6 2
13 97 2 4
98 13 5 2
43 14 4 3
59 14 3 4
89 14 6 3
97 14 4 2
8 15 6 1
19 15 3 2
15 33 2 2
38 15 3 5
15 41 2 3
15 44 8 2
52 15 8 4
15 60 1 2
68 15 3 1
70 15 1 3
81 15 2 2
87 15 2 4
15 93 3 2
94 15 7 4
15 96 3 5
15 99 6 2
11 16 8 3
14 16 7 4
16 17 5 3
36 16 4 3
45 16 6 4
56 16 8 4
16 59 5 4
62 16 7 2
16 65 1 5
16 75 6 4
80 16 2 4
98 16 1 5
17 36 2 4
42 17 5 5
17 43 4 3
45 17 7 5
17 46 4 2
56 17 6 1
62 17 6 1
67 17 6 1
17 97 4 4
18 23 7 1
18 28 6 2
18 31 5 2
40 18 1 1
18 63 1 2
64 18 6 5
18 72 4 3
79 18 4 1
18 83 5 5
20 19 3 4
29 19 5 3
30 19 2 2
19 33 4 1
19 41 5 5
19 44 1 1
19 51 3 5
19 61 2 3
69 19 2 4
76 19 1 3
81 19 8 3
82 19 3 2
19 87 5 3
90 19 7 2
94 19 1 1
99 19 6 3
24 20 2 4
20 33 2 3
38 20 3 5
20 41 7 3
49 20 8 4
53 20 2 4
61 20 7 5
20 69 7 1
20 70 2 4
20 82 7 3
84 20 1 1
86 20 4 5
20 90 2 4
91 20 8 3
6 21 7 2
21 9 6 3
21 18 1 2
21 28 7 3
31 21 3 2
50 21 3 4
21 52 5 3
57 21 2 4
21 58 5 2
60 21 3 5
23 22 7 3
25 22 5 5
35 22 1 4
38 22 8 3
47 22 6 5
69 22 8 3
81 22 7 3
22 84 8 3
22 87 5 5
22 99 6 3
23 2 1 1
26 23 5 2
39 23 3 5
47 23 6 1
54 23 3 1
23 73 7 3
23 74 3 4
78 23 4 1
23 79 1 3
23 88 5 3
23 95 8 3
22 24 3 1
24 25 2 1
24 35 2 4
24 37 3 2
38 24 8 4
46 24 4 4
24 49 2 5
53 24 2 5
24 61 2 1
24 67 5 1
69 24 3 2
24 70 5 2
75 24 4 4
84 24 3 3
24 91 6 2
24 93 5 4
11 25 8 1
35 25 8 1
25 41 8 1
48 25 1 3
25 54 1 4
25 61 8 3
25 67 7 5
25 69 1 4
25 75 5 1
25 81 1 4
93 25 5 2
2 26 4 5
26 10 6 2
26 34 3 2
26 39 4 2
47 26 7 3
26 54 5 4
26 71 8 4
26 73 4 4
74 26 1 5
26 78 8 3
2 27 3 4
27 10 1 1
26 27 7 5
71 27 1 1
78 27 4 2
28 50 5 4
28 57 7 3
58 28 1 3
64 28 6 4
28 83 7 2
6 29 7 3
15 29 4 4
35 29 6 4
29 41 7 4
29 44 6 4
52 29 5 4
29 76 6 2
29 92 3 5
29 93 1 2
29 99 7 3
30 33 5 1
30 51 6 3
68 30 2 2
30 96 5 4
9 31 6 3
31 28 5 2
58 31 7 5
63 31 8 5
64 31 1 3
31 79 7 3
95 31 1 3
16 32 8 3
32 17 3 1
42 32 6 4
43 32 5 5
49 32 5 5
32 55 4 2
32 62 7 4
67 32 5 2
75 32 2 3
32 85 8 4
32 91 3 3
29 33 7 3
41 33 4 1
33 44 2 1
61 33 4 4
70 33 7 5
33 76 7 2
33 86 4 3
93 33 8 4
94 33 5 2
33 99 6 5
34 0 5 4
5 34 5 3
34 10 2 5
34 22 1 4
23 34 4 4
34 36 3 1
34 37 2 1
34 39 6 2
45 34 5 1
34 46 7 2
47 34 3 1
34 54 5 5
34 67 3 3
34 75 2 1
34 88 3 3
35 3 1 1
35 19 8 2
35 38 6 1
41 35 1 3
44 35 2 5
52 35 8 1
35 58 2 1
35 60 1 4
61 35 5 4
67 35 7 4
68 35 6 2
35 69 5 2
35 87 3 2
35 92 6 5
35 93 7 2
36 0 3 5
56 36 1 5
65 36 2 2
36 75 3 4
78 36 8 5
36 97 4 1
37 22 8 1
35 37 7 3
38 37 2 5
37 41 8 2
37 46 7 2
58 37 8 1
37 67 2 1
69 37 5 2
74 37 7 1
37 81 5 5
37 84 7 2
6 38 5 4
19 38 8 5
25 38 1 4
29 38 3 5
33 38 1 5
41 38 7 1
44 38 6 4
52 38 4 4
61 38 5 1
38 67 1 3
38 68 1 2
92 38 4 5
94 38 8 2
99 38 1 3
39 5 5 2
27 39 4 3
39 54 8 3
39 71 5 3
73 39 3 2
74 39 3 1
39 78 8 5
39 88 5 3
95 39 5 5
21 40 2 4
28 40 3 5
50 40 2 1
40 60 2 3
40 63 1 3
64 40 8 1
40 77 1 4
41 3 5 5
41 22 5 5
24 41 5 3
44 41 4 5
52 41 4 4
61 41 2 2
68 41 1 5
41 69 6 1
70 41 6 5
76 41 8 1
41 84 3 2
41 87 8 5
41 92 8 1
99 41 8 2
42 16 8 4
42 24 3 1
43 42 3 5
45 42 3 1
46 42 7 2
42 49 8 2
42 55 5 1
42 59 1 2
62 42 5 4
67 42 6 3
42 69 1 3
42 75 7 5
42 84 3 2
85 42 6 1
42 91 5 5
43 13 5 2
43 16 5 2
45 43 7 3
43 62 7 2
65 43 2 1
80 43 7 4
89 43 3 2
97 43 4 2
43 98 2 3
3 44 5 3
44 52 5 4
60 44 6 3
44 68 5 4
70 44 4 2
76 44 2 3
44 81 3 3
87 44 8 3
93 44 6 3
44 99 6 3
5 45 6 4
45 7 8 2
47 45 5 2
62 45 1 4
66 45 7 1
45 67 1 1
45 74 7 1
22 46 1 4
47 46 8 3
48 46 8 2
54 46 8 1
46 69 5 4
46 74 1 1
47 25 1 2
37 47 7 1
47 48 5 4
54 47 7 4
67 47 4 4
47 75 1 2
48 2 6 5
48 22 2 1
23 48 4 4
48 37 6 3
48 54 8 4
73 48 5 1
74 48 1 3
48 88 7 3
49 11 7 2
49 53 1 3
49 61 2 1
49 67 6 5
49 69 5 3
84 49 6 3
49 85 8 3
49 86 6 1
49 90 2 5
49 91 3 5
50 9 8 3
18 50 4 5
31 50 1 2
52 50 8 2
57 50 4 5
50 64 6 2
72 50 2 4
50 77 8 5
83 50 1 1
15 51 8 2
33 51 6 2
93 51 2 2
94 51 2 5
6 52 1 2
52 60 3 3
52 63 2 2
52 92 6 2
52 93 3 1
52 99 6 2
32 53 6 2
55 53 8 5
61 53 4 4
69 53 5 3
53 85 7 1
86 53 3 5
53 90 8 1
91 53 6 2
22 54 7 4
37 54 2 1
74 54 5 3
78 54 1 5
54 79 1 1
54 88 5 4
54 95 1 3
55 4 3 5
55 20 2 5
24 55 7 2
55 49 1 5
55 61 1 4
55 69 1 2
82 55 1 3
85 55 3 4
86 55 7 5
55 90 6 2
7 56 1 5
45 56 5 2
56 66 6 5
56 80 8 2
97 56 4 1
98 56 6 5
57 31 1 5
64 57 6 3
57 72 1 1
57 83 7 1
3 58 7 5
18 58 7 2
58 22 7 3
50 58 3 1
57 58 3 4
60 58 3 5
64 58 1 3
79 58 8 2
58 81 8 1
59 53 4 3
59 62 4 5
85 59 3 4
59 89 3 5
60 50 3 2
60 64 3 2
81 60 5 5
60 92 7 5
99 60 1 4
61 1 6 3
11 61 7 5
61 42 2 2
61 68 4 3
69 61 3 1
86 61 3 4
61 90 5 3
99 61 2 5
11 62 3 1
36 62 1 3
62 65 5 4
62 67 2 3
62 75 6 3
62 85 3 1
57 63 6 4
60 63 4 5
72 63 6 1
63 83 6 5
64 6 3 2
21 64 6 5
64 52 5 1
81 64 3 5
17 65 6 1
56 65 7 1
66 65 6 2
75 65 6 5
65 97 4 4
65 98 3 2
17 66 4 3
66 71 7 1
66 75 8 3
78 66 8 3
80 66 3 1
88 66 4 2
67 16 7 2
46 67 2 5
53 67 6 2
67 69 3 3
67 75 3 3
67 84 7 4
68 19 5 3
20 68 8 5
68 29 3 5
68 51 7 2
68 81 6 2
82 68 8 1
68 86 3 5
87 68 7 2
90 68 2 1
68 92 6 4
93 68 6 2
94 68 2 5
99 68 4 5
11 69 3 3
69 32 4 4
70 69 4 3
69 81 5 5
85 69 7 4
69 87 8 4
69 91 2 5
93 69 3 4
19 70 6 3
25 70 6 2
29 70 5 4
38 70 3 5
70 51 3 4
68 70 6 5
70 81 6 3
87 70 4 4
70 96 2 5
34 71 2 1
71 36 5 3
71 78 1 5
88 71 8 2
72 9 6 3
40 72 5 1
58 72 8 2
64 72 1 3
2 73 3 4
18 73 5 5
73 54 2 5
73 74 1 3
73 88 7 1
74 22 8 2
34 74 5 5
74 47 4 1
67 74 2 4
74 75 3 4
37 75 3 5
45 75 5 5
46 75 3 4
75 56 7 2
75 84 5 5
75 97 5 5
98 75 3 2
76 8 4 2
76 15 1 3
76 20 1 5
30 76 7 1
51 76 6 4
70 76 5 4
82 76 8 5
93 76 8 4
94 76 3 2
96 76 7 2
76 99 7 2
77 18 6 2
31 77 8 5
77 58 4 4
77 73 2 1
79 77 2 4
83 77 7 2
78 0 4 1
78 5 2 3
10 78 3 1
78 34 2 5
78 74 2 2
88 78 6 1
79 50 1 1
79 57 7 3
83 79 2 3
80 17 2 3
45 80 3 2
65 80 5 1
75 80 2 5
80 97 6 1
98 80 8 2
41 81 1 3
81 93 4 3
99 81 8 1
33 82 8 5
49 82 4 3
82 61 5 1
82 70 2 1
82 86 8 3
82 91 2 2
82 96 8 2
83 9 8 1
40 83 6 5
58 83 3 5
64 83 3 5
72 83 7 4
95 83 2 1
84 12 3 5
84 38 8 2
84 46 6 3
47 84 3 5
55 84 4 2
70 84 6 1
85 84 2 3
84 91 4 3
93 84 3 2
84 99 7 1
11 85 7 2
20 85 7 3
85 24 2 4
43 85 1 1
85 98 2 1
1 86 3 5
86 76 5 2
86 90 6 3
91 86 6 2
96 86 5 4
87 33 4 5
87 37 4 2
87 38 2 1
52 87 7 5
60 87 5 4
81 87 1 5
84 87 1 5
93 87 3 4
87 94 6 2
27 88 7 5
88 36 5 4
47 88 7 1
88 74 1 2
98 89 5 4
4 90 3 1
12 90 1 2
33 90 5 5
82 90 6 1
90 91 6 1
91 1 8 3
55 91 3 2
61 91 4 3
19 92 5 4
92 44 5 3
70 92 1 4
92 99 5 3
19 93 6 1
20 93 1 3
61 93 2 3
92 93 6 3
93 96 1 5
94 3 5 4
30 94 7 2
94 41 6 5
44 94 7 5
94 92 2 2
94 93 7 4
94 96 2 5
94 99 5 4
95 57 2 1
77 95 7 5
79 95 7 4
8 96 7 3
96 29 2 4
96 51 7 3
97 32 3 4
97 42 6 1
45 97 5 2
97 98 8 3
36 98 1 2
98 42 3 4
45 98 4 1
98 59 6 4
99 6 4 3
25 99 3 3
99 69 8 1
99 70 6 4
99 87 5 5
