0 7 4 1
31 0 6 2
45 0 6 5
67 0 1 1
0 69 6 2
0 98 2 2
0 99 5 5
0 135 4 4
152 0 4 1
0 171 2 4
0 176 4 2
1 13 4 4
1 32 8 5
1 36 8 2
38 1 5 3
1 41 3 2
55 1 8 1
1 59 2 1
108 1 5 3
134 1 1 2
1 144 1 3
150 1 1 1
185 1 1 5
1 189 3 4
193 1 1 5
4 2 4 4
2 15 7 5
2 38 6 5
52 2 2 3
96 2 6 4
109 2 8 2
2 157 4 2
2 185 8 4
2 193 4 1
194 2 5 3
18 3 5 4
19 3 8 2
3 32 1 1
34 3 8 2
3 55 4 1
60 3 7 3
3 71 4 1
3 83 6 1
3 86 3 5
3 117 7 2
133 3 8 3
3 134 7 4
150 3 6 2
3 151 5 4
153 3 8 1
196 3 8 4
4 38 1 5
4 52 8 1
4 64 3 1
73 4 7 5
4 96 6 5
4 180 6 3
4 185 5 1
6 5 4 4
5 10 2 2
5 29 6 1
31 5 6 5
5 40 6 1
56 5 5 3
67 5 7 1
69 5 7 3
5 74 2 5
5 82 7 1
98 5 8 2
107 5 6 2
160 5 1 1
172 5 8 5
174 5 1 4
6 12 3 1
22 6 4 4
29 6 7 4
6 46 1 1
47 6 7 5
81 6 5 4
82 6 4 4
6 105 5 1
107 6 2 1
111 6 7 1
6 112 8 4
6 159 3 1
171 6 5 3
31 7 7 2
56 7 5 4
69 7 3 1
7 116 1 4
118 7 1 1
7 120 3 2
152 7 2 1
7 169 5 2
8 6 1 1
12 8 2 4
8 13 8 1
22 8 2 2
8 58 5 1
81 8 4 5
8 92 6 2
97 8 6 5
104 8 2 2
8 105 1 3
108 8 4 1
8 111 8 3
121 8 3 1
144 8 5 4
159 8 8 3
165 8 1 5
8 171 5 1
9 23 4 1
9 27 8 2
48 9 6 4
50 9 8 1
9 77 4 2
9 84 6 2
85 9 6 4
100 9 1 5
131 9 7 1
136 9 7 1
145 9 4 4
9 163 8 3
9 179 8 1
9 182 6 5
192 9 3 2
10 31 4 2
56 10 4 1
67 10 7 1
10 95 3 4
172 10 6 3
174 10 5 3
44 11 8 2
102 11 4 3
11 123 6 1
11 125 5 4
141 11 4 1
142 11 1 3
147 11 7 1
11 154 4 1
11 168 4 3
170 11 7 4
199 11 7 2
13 12 7 3
42 12 8 2
12 47 3 3
53 12 7 4
12 58 7 4
12 66 1 2
68 12 7 3
97 12 7 3
105 12 2 2
111 12 5 3
12 112 5 1
13 22 8 3
13 32 4 2
53 13 1 5
13 75 3 3
97 13 5 2
109 13 1 4
13 112 6 1
144 13 5 3
13 157 6 2
13 159 6 5
193 13 8 1
14 25 3 3
26 14 7 1
14 66 5 5
14 68 3 1
70 14 8 2
14 113 8 5
14 129 6 1
161 14 8 3
14 183 1 3
187 14 7 3
14 188 4 2
16 15 6 1
49 15 1 4
52 15 6 5
15 75 2 2
15 101 5 2
15 109 2 4
15 113 8 3
166 15 3 1
15 178 8 3
193 15 8 5
194 15 6 4
13 16 6 4
16 46 6 1
54 16 3 4
58 16 4 5
16 66 2 1
16 68 6 3
16 97 6 4
112 16 8 2
16 130 5 1
144 16 8 2
16 157 7 3
159 16 4 2
166 16 4 5
193 16 1 1
17 3 8 5
9 17 4 3
19 17 8 5
27 17 7 3
17 41 5 3
17 48 5 4
17 60 8 2
61 17 3 1
17 84 2 3
17 85 3 3
137 17 4 4
145 17 6 3
163 17 3 1
192 17 1 5
18 20 6 1
18 34 5 5
55 18 3 5
72 18 5 1
78 18 5 2
18 79 1 5
18 92 3 4
18 94 8 5
18 102 4 3
18 104 8 4
18 106 1 2
108 18 4 1
114 18 6 2
143 18 3 2
165 18 7 2
175 18 6 1
177 18 1 4
196 18 8 3
18 197 4 4
18 198 8 4
19 27 2 1
32 19 3 5
33 19 8 1
19 50 4 3
19 60 5 5
61 19 3 1
134 19 2 2
19 136 1 3
19 145 6 4
150 19 2 4
189 19 6 3
19 196 4 5
24 20 2 3
20 34 8 1
20 72 4 4
83 20 1 5
89 20 1 2
20 99 8 3
20 106 5 4
20 117 2 2
20 120 5 3
20 121 5 2
20 122 4 1
20 125 3 2
20 135 5 3
140 20 6 4
20 148 4 3
20 153 7 4
20 156 2 2
158 20 1 2
20 165 3 5
175 20 3 3
195 20 3 5
20 197 8 4
198 20 7 3
199 20 7 1
20 21 1 3
44 21 6 3
51 21 5 4
57 21 3 2
62 21 1 4
21 78 3 3
21 102 2 5
117 21 8 5
123 21 3 3
21 140 8 3
141 21 5 4
21 142 2 2
21 168 6 1
173 21 3 4
21 177 3 4
12 22 8 3
16 22 8 1
22 42 6 2
22 53 1 1
22 58 3 3
81 22 5 5
22 82 1 5
22 111 1 5
22 112 2 4
144 22 2 5
159 22 8 5
22 166 7 1
17 23 6 3
71 23 5 3
23 90 5 2
100 23 3 4
23 103 1 5
23 145 2 3
179 23 6 2
181 23 8 5
23 182 4 2
24 21 4 3
24 72 1 3
120 24 6 4
24 122 4 3
24 140 5 4
24 148 6 1
158 24 1 1
195 24 1 1
25 42 5 4
47 25 4 1
25 66 6 4
25 68 6 5
130 25 4 4
25 162 4 5
167 25 2 1
25 26 4 4
26 113 2 1
129 26 1 5
26 183 1 2
3 27 6 5
23 27 8 5
27 33 5 4
36 27 3 3
41 27 6 5
55 27 2 3
60 27 7 2
94 27 2 5
27 100 7 4
27 128 7 4
136 27 6 4
145 27 8 4
150 27 5 1
27 151 1 4
179 27 7 3
28 39 2 3
28 48 6 5
28 51 4 5
57 28 3 4
28 62 8 3
65 28 5 5
28 78 7 4
124 28 1 4
28 138 1 2
139 28 1 1
28 164 2 1
28 170 3 3
173 28 6 2
28 191 4 5
29 12 4 5
29 42 4 1
29 46 4 3
29 74 7 3
81 29 1 5
29 98 8 3
107 29 6 1
29 111 7 4
160 29 1 5
29 171 8 5
33 30 5 3
30 36 6 3
38 30 3 5
30 50 4 3
64 30 7 2
73 30 8 5
30 93 6 3
119 30 4 1
30 128 5 2
149 30 3 5
30 163 5 1
30 185 7 4
30 189 7 2
31 40 4 2
31 56 6 2
67 31 6 1
31 69 8 1
31 95 5 3
98 31 6 4
152 31 1 2
169 31 1 4
31 184 4 5
32 34 1 5
41 32 7 5
32 53 6 1
58 32 3 5
59 32 7 2
32 60 1 5
94 32 7 4
104 32 2 3
32 144 2 2
32 165 8 2
33 36 8 4
41 33 7 2
33 50 7 5
59 33 8 1
33 61 1 5
64 33 1 4
93 33 8 5
96 33 5 1
100 33 8 4
33 131 3 5
150 33 2 5
33 155 2 1
163 33 1 3
185 33 1 4
34 37 2 2
34 79 8 5
83 34 2 5
34 92 5 5
34 104 4 3
34 105 6 5
34 108 3 3
114 34 1 5
34 121 6 3
133 34 5 3
34 143 4 5
34 146 8 3
153 34 3 2
34 175 5 5
177 34 4 3
195 34 2 3
196 34 3 3
198 34 4 2
11 35 6 3
39 35 8 3
44 35 6 2
35 62 8 3
35 65 1 2
35 132 8 2
141 35 8 1
35 147 3 4
154 35 5 4
38 36 5 5
36 41 7 3
59 36 5 5
36 61 5 2
93 36 5 4
96 36 3 4
109 36 4 3
131 36 5 2
36 134 8 3
36 151 7 3
36 163 7 1
36 189 5 1
37 18 7 3
55 37 4 4
57 37 7 5
71 37 4 4
78 37 4 5
37 83 6 3
37 86 8 5
104 37 1 1
37 106 5 1
125 37 8 1
142 37 3 2
37 145 2 1
37 173 5 3
177 37 6 1
186 37 7 4
191 37 1 1
37 198 3 1
64 38 4 1
93 38 6 1
96 38 2 1
101 38 2 1
151 38 8 4
38 180 4 4
38 189 8 3
193 38 4 3
57 39 6 1
76 39 1 5
39 115 8 4
132 39 6 3
39 139 1 3
147 39 2 4
168 39 6 2
39 173 6 4
45 40 1 2
56 40 4 4
40 69 1 1
121 40 1 4
122 40 5 1
40 135 1 3
140 40 5 1
152 40 2 5
40 158 1 4
40 160 1 2
169 40 1 5
171 40 7 4
184 40 8 2
41 3 2 1
41 19 7 4
41 50 7 2
55 41 3 4
60 41 4 2
61 41 5 5
41 71 8 5
41 86 8 1
108 41 4 5
41 131 3 2
150 41 8 5
151 41 2 5
196 41 3 4
42 6 3 2
42 47 2 5
66 42 7 4
42 68 1 2
70 42 7 1
42 97 1 3
42 107 3 1
112 42 2 2
167 42 7 2
43 80 6 1
84 43 8 4
43 119 8 5
137 43 7 3
43 179 5 1
39 44 4 5
44 51 8 1
57 44 5 4
62 44 1 3
88 44 3 2
44 102 8 1
44 123 4 4
125 44 8 2
141 44 3 3
44 142 3 1
44 147 1 5
44 154 8 2
156 44 4 5
168 44 3 3
173 44 3 5
199 44 6 1
5 45 4 1
10 45 6 1
31 45 4 2
45 69 4 5
91 45 6 1
45 95 2 4
116 45 8 1
169 45 1 4
46 12 3 5
46 22 4 3
68 46 3 5
82 46 5 1
97 46 2 1
111 46 3 3
46 112 1 5
130 46 5 5
159 46 5 4
172 46 3 5
16 47 1 2
47 22 6 3
46 47 4 5
66 47 2 2
70 47 6 5
47 130 3 4
162 47 3 2
47 167 6 4
47 183 6 1
37 48 3 3
48 57 4 5
48 71 8 1
78 48 2 3
48 85 8 1
48 90 6 1
103 48 5 4
110 48 1 4
124 48 6 4
127 48 7 5
48 136 8 5
138 48 6 2
48 139 3 5
145 48 5 2
48 186 8 2
191 48 5 3
48 196 5 4
4 49 3 5
54 49 3 1
49 96 2 4
49 101 5 2
49 113 5 1
157 49 8 2
49 166 2 5
49 185 1 3
187 49 2 5
193 49 2 3
49 194 7 5
50 17 1 1
50 36 6 2
50 61 5 5
64 50 3 1
93 50 5 4
50 119 7 1
50 126 2 2
128 50 8 3
50 131 4 3
137 50 7 1
50 150 4 4
50 151 1 3
50 155 5 3
50 163 6 3
50 189 4 3
51 11 6 3
57 51 3 4
51 62 8 4
102 51 3 2
106 51 4 2
51 115 5 3
123 51 6 3
51 124 5 4
51 125 7 3
51 140 2 4
142 51 4 5
51 147 7 1
51 153 3 1
154 51 8 3
156 51 8 3
51 173 6 4
177 51 7 1
186 51 5 5
49 52 4 2
52 101 8 4
129 52 8 1
52 161 2 4
52 178 6 3
187 52 1 1
194 52 1 5
1 53 2 3
8 53 4 5
34 53 4 4
58 53 5 2
53 83 3 2
97 53 7 1
104 53 7 2
53 105 8 2
108 53 5 1
111 53 8 1
112 53 3 1
121 53 7 4
53 144 7 5
53 159 6 2
53 165 6 3
15 54 8 4
66 54 6 5
54 70 8 2
97 54 2 2
144 54 1 4
157 54 6 3
166 54 8 2
187 54 6 2
54 193 1 2
54 194 7 3
55 17 6 5
19 55 3 3
55 71 5 5
83 55 5 3
55 86 8 5
94 55 1 3
55 117 1 3
55 133 1 3
55 134 1 4
55 153 1 3
196 55 7 5
56 0 2 1
45 56 8 2
56 67 7 2
74 56 7 5
56 91 2 2
56 95 4 3
56 116 7 2
56 152 5 5
160 56 1 1
169 56 2 3
56 171 8 4
174 56 4 3
65 57 1 3
57 76 7 2
57 78 2 4
57 88 3 2
102 57 5 1
57 103 8 1
106 57 7 3
115 57 2 4
57 164 5 1
57 170 2 5
173 57 2 1
57 181 1 2
57 186 7 2
191 57 1 1
81 58 2 4
58 82 8 2
108 58 8 4
58 111 8 1
58 112 3 2
58 135 2 4
58 159 2 5
166 58 6 5
19 59 3 3
59 38 6 2
55 59 6 4
60 59 5 3
59 64 5 1
59 109 1 3
59 151 8 5
185 59 5 5
60 1 5 1
33 60 5 2
60 38 3 1
50 60 5 2
60 55 3 2
61 60 4 2
60 86 8 1
108 60 5 3
134 60 6 5
60 145 1 3
60 150 2 5
151 60 8 4
60 189 5 5
27 61 4 1
61 30 3 2
38 61 5 3
61 64 1 1
93 61 5 3
96 61 6 3
100 61 6 5
126 61 1 5
61 128 3 5
136 61 1 5
151 61 5 5
61 163 5 2
61 189 3 4
61 190 5 1
39 62 7 1
62 57 5 1
65 62 2 1
62 76 1 4
78 62 8 3
87 62 4 1
62 88 1 4
102 62 4 5
115 62 4 5
124 62 1 5
138 62 7 4
62 139 3 2
62 141 1 2
142 62 1 4
62 170 6 2
186 62 8 2
20 63 8 1
72 63 8 2
156 63 8 3
158 63 3 3
169 63 1 1
63 195 5 2
197 63 1 3
199 63 6 1
1 64 4 2
2 64 8 3
64 41 6 5
60 64 2 4
93 64 3 3
101 64 2 1
128 64 6 3
64 151 6 3
185 64 6 3
64 189 8 1
65 44 8 1
76 65 3 3
65 88 4 5
65 132 4 2
139 65 2 2
147 65 8 3
154 65 3 5
173 65 5 3
66 46 5 2
68 66 6 2
70 66 6 3
75 66 6 3
66 112 8 1
130 66 3 5
66 166 6 1
66 167 3 4
29 67 1 2
67 45 8 3
67 69 3 3
67 74 8 4
67 95 7 5
67 98 8 5
107 67 1 3
171 67 2 3
67 172 1 5
174 67 5 4
184 67 3 2
81 68 7 2
68 112 7 1
68 162 3 1
68 167 6 3
69 95 2 3
69 99 2 4
169 69 1 1
176 69 8 1
197 69 4 4
70 68 2 3
162 70 1 5
70 183 4 1
71 9 5 1
17 71 4 3
71 27 2 2
71 77 1 3
71 78 3 1
94 71 2 5
100 71 3 4
124 71 7 3
71 136 4 3
145 71 5 4
71 181 1 4
186 71 7 4
72 51 6 4
87 72 2 5
72 89 7 4
72 102 6 4
104 72 6 3
106 72 2 3
122 72 2 4
72 125 6 4
140 72 4 2
72 143 2 5
72 146 2 5
72 156 1 5
158 72 3 1
72 175 1 1
177 72 1 3
197 72 6 3
198 72 8 3
72 199 6 1
73 155 8 2
73 180 8 1
73 190 4 2
10 74 3 2
45 74 8 4
81 74 5 4
95 74 3 2
107 74 5 3
74 160 7 5
171 74 5 3
172 74 2 2
174 74 8 2
75 16 7 2
157 75 8 5
167 75 2 3
187 75 2 2
193 75 3 5
194 75 4 1
76 28 1 4
76 51 7 5
78 76 2 4
76 88 4 5
76 141 3 1
142 76 3 4
76 147 2 5
154 76 3 2
76 170 8 5
76 191 6 3
17 77 3 2
77 23 4 5
48 77 7 1
77 84 5 1
85 77 4 4
110 77 8 4
127 77 5 2
77 179 7 4
77 182 8 5
78 51 4 3
78 79 6 5
78 88 1 4
78 102 5 2
78 103 8 3
124 78 3 4
125 78 5 1
133 78 3 2
138 78 7 1
139 78 3 1
142 78 5 2
145 78 8 3
78 164 6 4
78 170 6 1
173 78 8 3
175 78 6 2
177 78 1 1
79 20 1 5
79 21 2 2
79 72 6 5
83 79 3 4
87 79 2 5
79 102 1 2
104 79 7 2
79 106 8 3
79 114 3 4
117 79 5 5
124 79 7 4
79 125 2 1
79 133 7 5
79 146 8 1
153 79 1 4
79 156 2 4
165 79 3 1
177 79 1 3
79 186 7 3
79 195 3 3
79 196 7 3
197 79 8 3
198 79 8 4
80 190 7 4
81 42 4 2
47 81 7 2
82 81 8 3
97 81 3 4
81 107 4 1
81 111 5 4
130 81 1 5
160 81 1 4
8 82 7 5
12 82 6 4
82 29 2 5
82 111 6 3
112 82 3 5
135 82 5 5
82 160 6 3
82 172 4 2
92 83 3 3
104 83 4 3
105 83 4 1
83 108 7 2
83 121 4 4
133 83 5 4
134 83 2 2
175 83 3 3
83 177 4 2
83 195 5 4
198 83 4 5
84 23 2 2
100 84 1 3
126 84 4 1
84 136 7 3
137 84 1 4
84 179 3 2
192 84 6 1
23 85 7 2
71 85 3 2
90 85 4 4
85 103 8 3
136 85 1 2
139 85 3 4
85 164 2 3
85 181 2 5
192 85 1 5
19 86 6 5
48 86 8 2
59 86 4 2
71 86 8 3
94 86 5 1
86 103 4 3
136 86 3 5
86 145 8 1
86 150 8 2
86 153 5 1
86 163 7 1
86 191 2 2
86 196 6 4
87 11 1 4
20 87 6 5
24 87 3 1
44 87 2 4
87 89 4 5
102 87 7 2
106 87 4 1
87 125 3 5
140 87 3 3
87 141 4 3
142 87 8 5
87 147 1 4
156 87 5 5
168 87 2 4
170 87 7 5
87 195 2 1
199 87 3 4
28 88 5 5
39 88 6 3
88 51 8 5
115 88 2 5
124 88 5 2
138 88 3 5
88 139 5 2
141 88 5 4
88 154 2 1
88 164 1 5
88 170 8 1
173 88 3 4
89 21 6 5
24 89 7 3
89 63 1 3
79 89 1 4
99 89 6 5
104 89 2 1
106 89 3 2
120 89 2 5
122 89 3 1
89 123 3 5
89 135 3 1
143 89 4 2
148 89 4 5
156 89 4 4
89 158 2 3
169 89 7 1
89 195 8 2
197 89 3 2
199 89 3 1
77 90 3 1
103 90 6 4
90 127 6 2
90 137 7 4
139 90 4 3
90 145 2 4
164 90 8 5
179 90 2 1
90 181 4 3
90 182 3 1
191 90 7 5
91 10 2 2
91 116 5 2
118 91 3 5
184 91 4 1
32 92 7 3
92 53 5 3
108 92 6 1
114 92 4 1
117 92 3 4
92 121 4 3
133 92 8 5
92 135 4 1
159 92 6 1
165 92 3 4
92 175 5 4
197 92 6 1
198 92 3 5
93 2 1 4
93 60 7 4
93 73 8 4
93 96 2 1
101 93 2 5
93 109 7 5
131 93 7 5
93 150 7 3
93 151 6 3
93 189 4 2
94 3 6 4
17 94 6 4
19 94 1 2
94 34 2 1
37 94 2 2
94 48 1 2
83 94 7 4
94 103 5 2
108 94 4 4
94 117 5 3
94 133 2 2
153 94 8 1
175 94 3 2
94 196 5 1
95 0 6 5
95 5 4 3
91 95 8 1
95 98 1 2
95 116 7 5
95 176 2 4
95 184 1 3
30 96 3 5
64 96 1 5
96 101 7 3
96 109 7 4
96 151 8 3
155 96 2 1
180 96 1 5
96 185 1 2
189 96 1 4
6 97 6 5
97 22 7 2
97 47 4 3
66 97 8 1
130 97 6 5
97 144 4 2
97 157 5 1
159 97 8 3
166 97 4 4
98 10 7 4
45 98 6 1
56 98 5 2
74 98 3 5
107 98 8 5
98 111 2 1
172 98 8 5
174 98 7 4
176 98 2 2
98 184 8 5
7 99 5 4
56 99 3 1
99 120 6 2
99 122 7 5
135 99 3 2
152 99 2 1
158 99 7 3
99 160 2 3
99 176 2 2
99 197 1 3
100 17 6 5
100 41 3 2
100 60 7 5
86 100 6 2
100 131 7 4
137 100 8 3
145 100 6 5
100 150 1 2
179 100 6 5
100 182 1 3
2 101 3 2
4 101 2 4
109 101 8 4
157 101 6 5
101 185 5 5
193 101 5 1
101 194 8 3
102 20 4 1
28 102 7 2
102 106 5 4
102 125 5 4
138 102 7 2
140 102 3 1
102 142 8 3
147 102 2 4
102 156 8 3
168 102 6 3
102 175 5 5
177 102 5 3
102 186 4 3
191 102 5 3
102 195 3 1
9 103 6 1
103 28 7 4
103 71 4 3
103 124 3 1
103 136 2 2
103 139 5 3
103 173 4 3
196 103 4 3
92 104 8 2
105 104 3 5
114 104 2 4
104 121 8 1
133 104 7 2
135 104 7 2
104 140 3 2
104 143 5 1
104 153 8 5
104 165 3 1
104 175 2 3
195 104 2 1
105 82 3 3
105 108 2 4
105 111 6 2
105 112 8 1
105 121 8 5
105 143 7 4
146 105 8 2
160 105 3 1
105 165 1 1
171 105 2 4
197 105 8 2
198 105 6 2
106 21 1 3
106 44 5 1
106 78 3 3
106 114 8 1
106 125 1 5
140 106 4 4
106 147 8 3
153 106 6 5
106 158 1 5
168 106 2 4
106 170 8 1
173 106 7 1
106 177 7 5
106 186 7 5
106 198 1 1
106 199 6 4
82 107 4 3
111 107 2 4
107 172 8 5
108 32 3 1
55 108 5 3
59 108 4 4
108 104 8 1
108 114 2 2
121 108 8 3
108 143 1 3
165 108 7 3
175 108 8 5
198 108 7 1
109 1 7 3
109 38 7 5
109 64 3 2
75 109 7 3
151 109 7 5
166 109 1 3
185 109 6 4
189 109 7 2
193 109 3 1
194 109 5 1
17 110 1 1
85 110 6 2
110 90 2 4
103 110 4 2
136 110 1 5
179 110 3 1
110 181 7 3
110 182 6 3
110 192 2 4
74 111 1 1
92 111 4 3
97 111 1 1
135 111 3 2
152 111 3 4
111 171 5 2
8 112 5 3
112 47 1 4
112 81 7 2
97 112 8 2
130 112 2 5
144 112 8 1
159 112 2 2
172 112 5 4
113 129 4 3
113 161 7 4
113 194 5 1
32 114 6 4
114 37 5 1
114 72 7 5
83 114 8 1
89 114 3 2
105 114 7 5
114 120 1 4
114 135 7 1
153 114 5 1
114 158 3 2
177 114 3 4
114 195 1 5
114 197 8 3
115 44 5 2
65 115 4 4
132 115 4 1
138 115 8 5
154 115 4 2
168 115 4 3
170 115 5 2
31 116 2 5
116 69 5 3
116 169 6 1
116 174 5 4
117 18 5 2
117 34 3 1
37 117 6 5
72 117 2 2
117 102 5 3
117 106 2 2
108 117 4 1
117 114 3 1
117 124 5 3
117 125 5 5
133 117 5 1
117 143 6 4
117 146 6 3
175 117 7 5
195 117 3 2
117 196 6 5
117 197 7 3
56 118 7 5
69 118 6 2
95 118 2 5
116 118 4 3
119 84 3 5
126 119 1 1
119 131 3 3
119 137 5 2
155 119 7 3
190 119 1 5
120 0 7 3
40 120 2 4
120 63 7 2
120 69 7 2
72 120 1 3
121 120 3 4
122 120 5 2
120 143 5 4
120 152 6 4
169 120 2 1
120 171 7 2
184 120 5 4
195 120 6 3
197 120 8 5
32 121 6 5
72 121 7 1
121 79 3 4
89 121 2 3
114 121 7 5
121 117 6 1
121 133 3 1
135 121 1 5
140 121 5 3
146 121 4 2
153 121 2 2
121 158 5 5
121 195 4 4
197 121 3 5
122 63 2 2
123 122 2 2
122 148 7 5
122 158 2 5
169 122 6 3
122 199 4 2
123 72 6 4
123 87 4 5
125 123 5 5
123 158 6 2
123 168 5 3
123 199 6 4
57 124 4 4
124 102 5 4
124 106 1 2
125 124 7 5
145 124 4 5
153 124 3 3
164 124 6 3
124 175 4 1
186 124 8 2
125 21 3 1
125 57 3 4
140 125 2 3
125 142 8 5
147 125 3 2
156 125 5 5
125 170 1 3
173 125 3 5
125 175 2 2
125 177 7 2
186 125 3 3
195 125 5 5
125 199 1 1
126 9 4 5
80 126 2 2
126 100 1 5
126 128 1 5
137 126 2 4
126 163 1 1
179 126 5 3
126 190 1 2
85 127 3 2
127 164 3 2
127 182 4 5
127 192 3 2
33 128 8 4
100 128 7 1
128 131 7 4
137 128 4 2
128 150 5 2
128 151 5 3
128 155 3 4
163 128 8 1
179 128 2 5
129 178 6 5
129 187 5 3
130 12 5 3
130 22 4 5
130 42 2 3
162 130 7 5
131 17 7 4
131 27 8 5
131 30 7 1
60 131 6 5
131 61 4 5
126 131 7 1
137 131 4 2
131 150 8 3
131 151 2 5
131 155 2 4
163 131 2 2
154 132 5 2
18 133 1 2
32 133 6 4
133 37 1 4
106 133 3 2
133 124 7 2
145 133 1 2
153 133 1 4
165 133 1 1
133 175 2 1
133 177 3 1
133 195 7 5
133 198 3 4
134 13 8 1
32 134 3 2
53 134 2 2
134 108 8 1
109 134 6 5
134 144 2 5
134 150 2 4
134 157 7 4
134 189 1 5
134 193 8 3
135 8 1 2
120 135 7 5
135 159 1 1
160 135 2 3
135 165 4 4
135 198 2 4
23 136 7 3
41 136 4 1
50 136 1 5
77 136 7 2
136 126 5 3
131 136 7 5
137 136 5 5
163 136 2 1
136 179 3 3
182 136 5 1
137 9 3 5
27 137 7 4
77 137 7 4
137 110 3 2
163 137 2 3
192 137 7 2
138 57 8 5
65 138 6 3
138 139 6 3
142 138 2 5
154 138 5 1
164 138 7 3
138 170 5 2
138 173 2 4
181 138 5 5
57 139 6 2
139 71 4 3
139 124 4 2
145 139 8 3
164 139 4 4
139 181 1 2
196 139 8 4
140 18 7 2
99 140 3 1
117 140 5 1
140 122 6 4
140 143 5 5
175 140 5 1
195 140 8 3
140 199 6 3
141 51 8 2
141 57 8 2
141 102 5 4
115 141 1 1
124 141 8 2
138 141 2 1
147 141 1 5
141 154 6 4
141 156 6 2
168 141 7 4
170 141 8 5
186 141 3 1
142 79 8 2
88 142 6 1
142 106 6 4
117 142 4 1
142 147 2 2
153 142 2 2
142 156 2 2
142 170 6 2
173 142 3 5
175 142 8 2
142 191 2 1
142 195 6 1
40 143 6 4
83 143 4 4
106 143 4 3
143 135 2 4
143 148 8 4
143 153 7 4
143 158 7 1
165 143 2 1
143 177 6 4
143 195 6 1
198 143 1 5
144 12 7 1
144 58 6 3
144 59 1 1
159 144 8 2
193 144 8 3
3 145 7 2
145 41 6 4
145 85 1 5
145 94 8 5
145 103 2 5
145 136 8 3
163 145 5 2
145 164 5 5
181 145 1 4
145 186 3 1
145 191 2 1
196 145 1 1
37 146 4 4
83 146 4 1
92 146 4 2
146 104 1 3
146 108 3 3
146 114 6 1
140 146 4 4
143 146 4 1
146 153 1 4
165 146 4 5
175 146 6 2
146 177 6 1
146 196 2 4
197 146 7 3
198 146 5 2
21 147 6 2
115 147 3 4
147 154 1 4
170 147 7 3
148 0 2 4
40 148 8 4
63 148 6 4
148 72 6 5
148 135 2 1
140 148 1 2
152 148 7 4
158 148 6 4
148 169 7 3
148 176 8 3
195 148 3 2
148 197 5 4
73 149 8 4
149 180 1 2
30 150 6 1
32 150 6 4
150 61 3 1
64 150 5 3
150 185 7 2
1 151 3 3
30 151 6 4
55 151 6 2
151 134 4 2
151 185 2 3
152 5 4 5
45 152 3 1
152 67 7 4
69 152 3 5
152 74 4 2
152 98 1 4
135 152 6 1
152 171 3 3
152 176 8 4
152 184 4 4
197 152 4 5
153 18 4 3
153 21 6 1
153 37 8 5
153 57 3 3
153 83 3 2
117 153 5 2
153 125 3 3
153 145 6 1
156 153 7 2
153 165 7 3
153 173 7 5
153 177 4 1
153 191 8 4
153 196 1 3
198 153 7 4
168 154 3 1
170 154 5 3
30 155 1 5
155 61 6 1
155 126 2 1
149 155 8 4
155 180 6 1
190 155 6 3
21 156 2 4
156 24 2 1
78 156 2 4
106 156 8 3
123 156 3 1
140 156 4 5
147 156 3 3
158 156 4 4
168 156 6 4
156 170 7 1
175 156 2 3
156 177 8 3
156 195 8 5
157 1 6 5
15 157 4 5
109 157 6 5
166 157 8 4
157 185 6 1
187 157 5 4
157 193 8 4
158 135 1 1
169 158 4 4
177 158 8 1
158 195 6 1
158 197 2 3
198 158 7 3
199 158 4 5
159 12 5 2
159 82 1 5
159 105 8 4
159 111 3 1
159 160 6 4
165 159 3 1
171 159 8 5
0 160 4 2
8 160 3 2
160 53 1 3
69 160 2 4
160 111 3 5
112 160 3 1
121 160 1 4
160 165 6 4
160 171 6 4
160 172 1 1
160 197 7 5
161 129 1 3
42 162 6 3
163 41 8 3
163 60 4 1
71 163 3 4
84 163 2 4
163 100 3 1
150 163 4 4
163 179 6 5
192 163 2 2
77 164 3 2
164 173 5 5
181 164 7 5
196 164 2 1
165 83 5 3
165 121 1 1
197 165 6 2
166 12 8 2
13 166 7 5
75 166 8 4
166 112 4 3
130 166 3 5
166 144 1 5
166 193 8 3
167 12 8 5
167 14 3 4
15 167 3 1
167 46 1 3
54 167 7 5
130 167 2 3
166 167 8 4
167 183 7 5
187 167 5 5
51 168 1 3
62 168 6 2
76 168 1 3
199 168 7 3
0 169 3 1
99 169 2 3
135 169 6 5
176 169 6 4
184 169 5 4
21 170 4 4
44 170 4 4
170 65 7 5
102 170 4 2
170 124 8 2
168 170 7 5
170 173 8 1
170 186 5 1
5 171 2 4
82 171 3 3
171 98 6 2
99 171 2 5
171 169 7 2
171 172 7 3
171 176 8 3
184 171 4 4
12 172 3 3
81 172 1 2
172 95 4 2
172 159 6 4
173 48 3 2
62 173 2 3
173 76 4 5
102 173 1 3
124 173 3 3
139 173 3 2
141 173 8 4
181 173 2 3
173 186 8 5
191 173 2 2
196 173 1 1
31 174 3 1
174 45 7 3
174 95 3 3
37 175 7 4
175 79 5 1
114 175 4 2
175 143 3 4
175 177 8 3
186 175 3 5
197 175 1 3
175 198 7 5
176 5 7 3
176 7 3 3
31 176 7 5
176 40 4 3
176 45 3 4
56 176 1 4
176 89 8 1
120 176 3 4
135 176 3 5
176 184 6 5
165 177 1 3
195 177 8 1
196 177 7 1
197 177 1 1
178 49 3 2
113 178 7 1
187 178 1 5
178 188 5 2
179 50 6 4
179 85 7 4
119 179 7 5
182 179 6 2
179 192 3 2
180 30 7 2
93 180 6 4
181 28 7 1
88 181 7 3
181 182 1 5
181 186 6 4
17 182 1 1
182 27 7 3
48 182 7 3
71 182 3 1
84 182 1 3
182 103 1 3
164 182 8 5
66 183 1 4
68 183 4 5
162 183 1 2
5 184 7 3
7 184 8 1
184 56 8 4
99 184 5 3
148 184 5 2
36 185 4 5
38 185 8 5
180 185 3 3
185 189 5 1
185 193 7 5
194 185 2 5
186 21 4 1
186 28 7 4
76 186 3 2
186 78 8 2
103 186 1 3
186 117 3 4
138 186 3 2
186 139 4 4
191 186 3 5
187 15 8 3
16 187 4 1
66 187 6 2
187 70 1 5
113 187 2 3
187 188 2 5
193 187 6 3
187 194 5 3
188 26 8 5
188 113 3 2
129 188 3 5
2 189 8 5
189 41 7 2
59 189 4 4
189 151 5 5
30 190 2 2
50 190 2 2
131 190 2 4
149 190 5 5
190 180 4 2
191 71 2 4
78 191 8 5
79 191 2 2
85 191 8 4
88 191 1 2
191 117 4 4
191 133 2 4
138 191 5 4
139 191 8 5
191 170 8 3
191 181 8 5
191 196 8 2
192 23 8 4
77 192 2 3
100 192 5 2
192 182 6 3
193 64 3 5
151 193 3 2
193 189 6 2
194 157 2 5
166 194 6 4
194 178 7 3
194 193 4 2
21 195 7 4
37 195 2 5
51 195 2 2
72 195 7 3
195 122 3 1
198 195 2 1
196 71 1 4
196 78 5 2
196 175 1 2
196 186 2 2
198 196 2 2
197 143 3 1
197 169 2 2
197 176 6 4
195 197 4 5
198 197 8 4
89 198 8 5
198 102 7 1
198 114 5 1
198 121 8 5
198 165 8 1
198 177 7 3
21 199 8 3
199 24 6 3
51 199 5 4
199 147 3 3
199 156 8 4
195 199 6 5
