6 0 23 8
0 20 35 9
51 0 28 15
0 52 50 14
0 70 61 10
71 0 34 4
77 0 30 20
0 86 15 17
0 122 45 2
0 130 17 14
189 0 6 14
18 1 30 5
1 23 59 19
1 25 44 9
1 32 3 5
1 57 12 19
1 59 3 13
65 1 12 17
1 67 62 15
1 87 20 16
1 98 19 9
1 108 55 10
121 1 35 2
123 1 3 16
1 134 61 11
135 1 59 20
136 1 26 4
1 139 13 18
1 154 26 9
1 164 23 19
1 168 35 17
1 191 19 18
1 196 26 11
31 2 33 18
2 50 55 18
71 2 23 2
85 2 44 18
2 102 42 10
2 122 51 4
153 2 61 13
2 189 39 8
197 2 3 3
3 37 60 14
3 40 7 11
3 56 24 12
3 64 60 5
82 3 56 1
90 3 60 20
114 3 31 14
3 145 53 19
3 158 21 14
3 174 5 10
3 178 49 20
192 3 44 3
9 4 11 11
38 4 36 9
4 40 34 20
64 4 45 1
69 4 12 13
73 4 10 14
4 96 12 14
4 99 45 4
127 4 28 12
142 4 16 12
4 152 17 13
4 160 12 20
4 169 20 4
5 8 2 2
5 10 26 13
11 5 62 17
13 5 19 9
16 5 2 6
17 5 40 18
5 27 9 8
5 39 27 18
55 5 5 3
84 5 48 7
113 5 38 3
5 131 30 16
5 141 56 13
5 157 51 13
5 159 6 4
5 182 9 11
5 185 38 10
193 5 53 11
6 14 32 8
6 20 22 19
6 29 1 17
51 6 7 4
52 6 16 9
6 71 54 18
6 122 15 4
130 6 22 20
24 7 54 14
7 30 8 6
81 7 41 20
103 7 37 9
109 7 12 19
7 133 59 19
7 134 32 7
138 7 16 4
7 173 8 17
7 175 12 15
7 176 14 10
186 7 58 19
7 194 35 5
199 7 22 7
10 8 46 11
8 11 2 18
13 8 46 20
8 16 39 13
8 53 30 12
8 55 1 14
76 8 57 16
8 101 43 12
8 113 50 8
8 131 34 13
157 8 24 19
8 162 3 1
182 8 64 18
185 8 17 20
188 8 7 6
40 9 3 8
9 63 32 19
9 64 9 20
9 69 18 16
105 9 11 20
9 106 25 17
9 120 16 14
9 160 44 16
9 165 27 1
174 9 61 15
197 9 22 4
11 10 17 20
13 10 53 19
17 10 25 20
35 10 48 11
44 10 47 10
113 10 2 14
10 137 1 17
10 159 26 11
17 11 8 12
11 39 5 4
11 44 6 20
55 11 64 15
11 84 42 10
11 113 48 4
11 141 11 16
11 193 21 10
12 2 58 15
12 9 22 18
21 12 57 16
12 26 52 13
12 50 21 18
57 12 30 20
12 68 8 7
12 85 44 11
102 12 46 18
105 12 49 15
12 106 38 14
12 116 41 6
120 12 41 11
12 121 41 14
12 128 40 3
12 153 9 2
163 12 33 6
12 165 8 19
12 197 36 20
16 13 18 3
13 44 19 14
13 46 34 6
13 76 50 18
13 113 24 20
13 126 8 10
141 13 29 18
13 145 56 14
13 159 5 18
188 13 41 1
14 0 42 4
17 14 46 9
14 20 9 19
14 49 19 10
53 14 37 20
14 70 36 1
14 71 63 9
86 14 59 12
122 14 59 5
130 14 19 14
14 162 19 14
14 185 22 10
14 189 11 7
15 33 62 1
36 15 13 1
15 91 57 4
15 97 25 3
110 15 15 17
15 117 52 12
15 123 20 9
127 15 28 3
150 15 11 14
15 169 58 11
171 15 54 14
15 172 28 10
15 179 53 19
15 183 51 19
15 198 33 6
16 11 56 1
39 16 31 10
16 44 8 6
16 126 19 1
16 141 9 12
159 16 46 16
193 16 55 17
20 17 32 15
17 43 54 7
17 53 30 15
17 55 20 16
86 17 41 9
17 113 5 8
130 17 26 13
141 17 20 4
162 17 45 12
17 170 17 16
17 185 58 5
193 17 42 7
23 18 39 6
58 18 44 16
59 18 33 14
18 139 15 11
18 154 29 12
18 167 56 13
175 18 51 15
190 18 9 9
18 194 20 10
19 125 2 3
146 19 47 1
19 155 44 7
166 19 12 5
49 20 46 12
20 53 53 6
20 55 22 1
20 70 49 10
20 84 7 2
20 86 34 17
20 122 57 5
170 20 60 9
20 185 1 11
20 189 37 5
9 21 34 12
50 21 34 3
57 21 42 9
85 21 9 17
102 21 22 2
21 105 45 3
21 106 42 7
116 21 4 3
21 119 20 2
128 21 60 8
21 160 4 1
163 21 43 19
3 22 41 8
46 22 15 16
56 22 56 3
62 22 49 15
90 22 34 15
112 22 42 6
22 145 53 20
22 156 48 18
158 22 30 1
22 177 32 4
23 25 33 1
23 32 21 12
48 23 25 13
23 54 22 7
23 58 4 6
23 65 15 14
67 23 6 13
23 92 56 2
98 23 2 10
108 23 24 19
135 23 38 20
154 23 4 18
23 168 38 15
180 23 26 5
24 26 5 3
24 30 23 15
74 24 9 20
77 24 59 12
24 81 35 17
85 24 54 17
103 24 37 16
109 24 63 11
24 119 26 1
24 133 9 2
138 24 61 1
24 176 42 10
38 25 39 4
25 48 16 8
25 54 13 5
25 58 55 11
65 25 38 11
25 67 15 5
69 25 43 18
25 98 21 8
106 25 58 2
116 25 39 4
25 121 17 14
123 25 6 1
127 25 64 12
25 134 43 20
139 25 24 5
25 154 41 15
160 25 31 5
163 25 51 15
165 25 3 18
25 196 37 10
26 34 53 3
26 54 30 11
85 26 43 1
26 106 19 8
109 26 22 14
120 26 35 10
26 121 46 13
26 128 15 14
26 160 27 10
26 163 10 19
186 26 12 19
55 27 30 17
27 113 17 6
27 182 47 19
27 185 48 14
193 27 12 8
33 28 38 12
28 36 25 13
28 80 23 16
28 91 40 12
28 97 41 8
28 110 48 8
132 28 20 6
171 28 9 1
179 28 3 3
28 187 17 18
29 0 10 1
29 20 1 1
31 29 21 17
43 29 25 17
50 29 33 14
29 70 4 16
29 71 38 10
86 29 30 2
170 29 22 19
182 29 48 8
185 29 21 1
189 29 58 16
30 42 60 12
30 74 39 17
30 88 39 17
103 30 63 9
109 30 28 5
119 30 33 9
30 133 57 19
138 30 35 5
176 30 34 16
30 199 50 9
6 31 43 7
31 20 7 1
51 31 46 19
52 31 54 8
31 53 26 9
70 31 15 17
31 77 4 8
86 31 14 5
93 31 25 10
102 31 27 14
31 105 39 18
122 31 49 2
31 130 17 19
162 31 58 11
31 170 52 8
32 48 7 20
32 59 1 19
32 104 34 13
110 32 48 8
32 123 54 19
32 135 57 11
32 136 27 1
32 167 13 15
32 180 6 10
32 190 16 4
32 191 35 10
41 33 54 8
97 33 18 15
171 33 42 2
33 187 2 10
30 34 8 14
42 34 5 8
81 34 23 15
133 34 41 4
138 34 2 13
175 34 11 7
34 186 32 13
34 199 20 4
35 16 56 17
35 22 18 13
35 39 55 18
46 35 64 11
56 35 47 12
62 35 2 17
35 76 56 14
35 101 24 10
35 126 14 2
35 137 26 5
140 35 23 2
35 141 62 9
35 144 6 3
145 35 29 3
36 41 38 15
36 47 57 18
36 87 52 6
36 91 20 4
104 36 31 11
36 117 34 15
36 132 3 7
150 36 37 20
164 36 16 10
171 36 35 5
187 36 31 5
36 198 13 8
56 37 61 15
62 37 43 17
37 73 1 16
90 37 7 12
95 37 23 10
107 37 46 8
125 37 57 13
37 149 44 5
37 158 29 19
161 37 15 8
38 69 52 9
87 38 3 13
96 38 20 18
99 38 6 7
117 38 32 12
38 121 43 15
123 38 19 11
127 38 59 6
128 38 30 11
38 152 40 18
163 38 4 20
169 38 26 10
191 38 57 18
196 38 42 3
198 38 16 9
8 39 17 4
39 46 48 1
76 39 22 17
101 39 60 18
39 113 60 11
39 126 48 20
39 131 38 14
137 39 61 2
39 141 8 2
144 39 2 20
39 145 48 18
39 174 16 8
188 39 42 13
40 61 44 12
40 62 2 9
64 40 14 2
40 73 41 4
40 90 8 17
96 40 43 7
40 99 60 3
40 111 33 12
114 40 6 1
140 40 50 8
149 40 57 18
40 158 53 3
174 40 31 2
41 28 60 11
104 41 62 4
147 41 59 20
179 41 16 17
180 41 43 8
42 18 56 19
42 26 3 19
45 42 26 10
42 109 19 7
134 42 56 15
138 42 5 3
42 173 34 12
42 186 10 1
42 199 60 14
0 43 40 18
43 5 4 3
14 43 8 12
43 20 27 14
43 27 43 7
43 49 32 5
43 53 51 5
43 55 36 11
157 43 50 6
162 43 40 7
170 43 60 19
43 182 62 1
43 189 49 18
195 43 38 2
44 79 25 19
44 113 27 1
126 44 52 6
44 131 34 7
137 44 17 6
145 44 41 12
177 44 3 8
45 18 20 6
45 23 45 15
45 25 36 8
45 54 46 7
45 58 15 16
45 92 58 15
45 108 31 1
45 134 40 2
45 136 33 10
139 45 23 10
45 154 24 11
175 45 54 2
194 45 50 16
8 46 61 15
56 46 34 7
62 46 56 14
46 63 50 3
46 76 42 6
101 46 37 15
46 126 11 1
46 137 25 6
140 46 36 7
144 46 14 19
46 174 50 5
46 177 13 17
46 178 18 18
47 15 19 16
80 47 59 11
47 83 3 4
87 47 25 3
47 97 14 12
110 47 5 14
117 47 1 10
142 47 11 7
150 47 21 13
47 151 24 7
152 47 26 3
169 47 44 4
47 171 14 6
47 183 5 3
48 1 55 16
48 45 52 9
54 48 53 15
57 48 21 20
48 59 3 2
48 67 9 13
48 92 19 12
98 48 24 9
108 48 32 4
123 48 33 19
48 134 62 5
48 139 40 8
154 48 3 1
163 48 12 20
48 180 64 9
190 48 33 2
48 191 29 4
48 196 24 9
5 49 63 18
8 49 2 3
49 17 40 19
49 27 59 14
49 53 27 6
84 49 38 3
113 49 37 19
130 49 58 11
157 49 55 14
49 159 60 11
49 162 24 8
49 182 36 9
49 193 35 6
195 49 3 8
50 31 57 1
50 51 15 7
50 53 47 4
63 50 24 18
84 50 26 6
50 102 42 15
105 50 36 9
50 120 7 8
122 50 57 10
50 153 53 9
162 50 24 1
50 170 59 11
197 50 2 14
51 29 47 1
51 70 25 6
85 51 37 6
170 51 47 12
52 14 27 5
52 20 33 17
51 52 52 3
52 70 20 7
122 52 56 14
189 52 13 20
29 53 30 8
55 53 32 8
86 53 5 6
53 130 27 17
53 157 11 13
53 162 12 1
170 53 8 5
53 189 28 15
54 18 42 20
58 54 30 9
54 92 27 13
98 54 35 11
54 106 64 7
108 54 60 6
116 54 9 3
54 121 36 10
54 123 53 16
54 128 20 19
54 136 1 13
139 54 13 5
154 54 41 1
54 160 29 13
54 163 8 8
165 54 9 19
196 54 7 14
10 55 55 15
55 16 55 6
55 49 17 10
55 84 50 13
113 55 47 16
55 130 23 7
141 55 1 15
159 55 25 19
55 193 44 19
55 195 24 12
56 79 24 9
56 89 46 13
56 114 50 13
56 126 34 7
56 156 26 11
56 158 64 7
177 56 28 6
26 57 63 3
57 42 33 20
54 57 57 18
58 57 8 9
67 57 39 14
57 98 4 1
57 108 15 5
116 57 47 9
57 121 51 15
134 57 16 13
57 135 33 5
57 153 34 3
154 57 51 10
163 57 35 3
165 57 13 17
57 196 24 9
58 32 52 10
58 65 32 2
67 58 9 6
108 58 16 10
121 58 42 1
58 123 15 15
58 136 64 15
139 58 19 10
58 154 40 11
58 163 21 18
58 164 5 10
167 58 49 20
168 58 36 3
58 194 38 15
58 196 6 8
23 59 36 15
104 59 52 5
135 59 12 9
136 59 19 8
59 147 53 20
164 59 13 8
59 180 13 2
59 191 53 17
83 60 12 7
95 60 29 1
60 111 37 11
60 115 44 19
124 60 50 17
148 60 20 16
60 149 22 16
60 161 42 15
192 60 56 20
4 61 53 17
61 62 48 10
64 61 12 7
61 69 40 6
83 61 1 13
94 61 37 5
114 61 56 17
61 118 33 19
129 61 29 12
62 3 59 2
9 62 8 20
56 62 58 6
64 62 33 5
73 62 24 13
76 62 5 20
62 79 2 8
62 90 25 12
101 62 20 17
62 126 17 15
62 140 3 14
62 156 9 10
62 158 55 1
62 184 50 20
62 188 36 10
63 12 40 15
76 63 17 5
79 63 18 9
63 84 29 19
63 101 55 19
105 63 47 11
174 63 34 8
184 63 28 6
63 188 62 17
69 64 50 4
73 64 5 1
90 64 62 10
114 64 59 14
156 64 15 13
64 158 45 4
65 32 53 8
65 38 59 18
65 48 38 2
54 65 44 19
67 65 37 7
87 65 25 19
65 98 58 11
65 108 54 17
117 65 50 20
65 123 62 7
127 65 24 10
139 65 39 7
65 180 20 15
191 65 16 3
75 66 16 17
146 66 17 2
155 66 51 5
166 66 31 2
18 67 17 16
67 38 32 9
67 45 58 17
98 67 3 12
67 116 39 16
67 121 25 10
127 67 9 17
67 135 32 20
139 67 50 18
67 160 55 4
67 163 9 5
67 165 50 3
168 67 34 11
191 67 58 13
67 196 48 18
2 68 64 1
26 68 21 12
68 57 48 6
68 102 32 20
68 116 28 13
68 119 23 16
121 68 12 18
68 160 10 2
69 40 6 2
69 65 27 5
87 69 27 1
96 69 42 16
99 69 37 10
69 116 22 13
117 69 18 15
118 69 53 11
123 69 9 12
69 127 51 3
69 128 34 19
142 69 40 5
163 69 31 16
69 165 57 12
169 69 4 11
69 196 57 10
70 6 41 2
70 43 55 10
70 86 11 1
70 93 47 1
70 122 22 6
70 130 61 9
70 170 16 1
70 189 13 19
71 52 56 11
70 71 12 7
74 71 9 5
77 71 28 3
71 85 33 10
71 93 40 17
71 122 8 14
130 71 47 18
162 71 53 17
71 170 52 8
71 189 38 9
60 72 21 15
72 75 46 15
72 78 7 16
72 82 13 11
100 72 6 17
111 72 59 12
148 72 18 15
155 72 26 17
72 181 57 8
3 73 45 2
73 61 42 16
73 96 2 3
73 99 58 1
111 73 49 20
114 73 14 11
73 140 35 18
149 73 10 11
73 156 57 19
73 158 64 3
73 174 40 14
73 192 22 5
51 74 10 13
77 74 35 17
74 103 58 2
74 109 6 7
74 119 33 16
122 74 50 7
74 133 46 12
176 74 2 12
75 19 58 4
78 75 61 12
95 75 36 5
115 75 2 8
125 75 63 11
155 75 57 14
166 75 54 9
75 181 7 17
75 192 54 20
76 79 52 8
76 101 42 5
76 131 10 12
76 140 34 18
76 177 60 14
76 184 6 6
76 188 48 2
197 76 13 20
6 77 52 19
77 51 26 11
77 52 63 5
77 85 22 3
77 119 53 17
122 77 13 19
77 133 57 5
77 186 13 3
60 78 39 12
78 82 20 14
78 83 60 3
95 78 44 16
124 78 42 2
129 78 54 3
148 78 29 10
161 78 52 13
78 181 11 14
8 79 32 7
10 79 46 16
79 13 20 11
35 79 30 12
79 84 55 8
79 101 60 1
79 126 25 11
79 131 35 3
79 137 35 10
141 79 2 3
79 144 32 18
79 145 63 2
159 79 16 13
79 174 61 7
177 79 13 2
80 15 1 6
80 33 56 18
36 80 37 15
80 41 26 6
87 80 51 19
91 80 62 3
80 97 25 1
80 104 19 10
80 110 41 3
123 80 5 12
80 127 59 20
80 132 54 11
152 80 2 15
171 80 10 3
172 80 59 14
179 80 16 19
80 191 21 13
198 80 37 3
81 88 34 20
81 103 21 11
81 133 50 7
81 143 60 3
81 173 61 18
81 176 5 9
37 82 54 5
82 60 15 12
82 64 38 15
82 83 61 7
90 82 61 6
95 82 18 18
96 82 64 6
100 82 7 14
82 111 55 7
114 82 50 3
115 82 55 3
129 82 49 8
148 82 50 20
149 82 4 8
158 82 1 4
161 82 23 7
82 181 53 15
83 73 13 19
83 96 40 9
100 83 56 20
83 111 62 2
83 117 60 12
83 118 61 5
83 124 28 9
83 142 59 17
83 181 57 16
192 83 37 12
17 84 21 19
43 84 24 12
84 53 37 13
84 102 27 17
84 113 24 12
141 84 13 6
157 84 2 11
84 159 14 9
182 84 63 8
184 84 43 9
84 188 40 12
189 84 12 17
85 50 41 13
68 85 4 1
85 74 31 6
102 85 62 1
109 85 1 1
128 85 48 7
85 153 21 20
165 85 57 2
186 85 5 7
86 6 24 4
86 43 28 14
71 86 64 19
162 86 38 8
182 86 26 7
86 189 7 13
87 97 25 12
87 98 60 19
104 87 29 8
87 110 15 20
117 87 37 19
118 87 62 10
87 132 16 2
87 164 38 2
87 169 7 1
87 172 47 7
196 87 14 7
87 198 37 19
88 103 26 6
176 88 64 13
89 3 9 1
90 89 43 15
125 89 46 4
89 140 62 7
89 155 34 9
158 89 3 6
89 178 28 17
192 89 6 20
90 61 62 3
90 111 17 8
114 90 47 7
90 149 30 18
156 90 36 10
90 177 26 19
178 90 63 11
33 91 52 14
47 91 52 18
91 132 3 10
91 150 21 16
91 151 9 9
91 183 30 16
91 187 50 3
1 92 19 17
42 92 50 2
59 92 2 13
134 92 12 4
139 92 52 6
92 154 12 18
167 92 53 9
92 190 26 1
92 194 20 19
93 6 19 19
14 93 18 13
122 93 43 6
189 93 16 13
94 60 3 15
94 78 25 15
82 94 60 16
83 94 33 4
94 100 32 8
94 124 30 7
142 94 6 19
94 149 19 1
94 181 24 4
94 192 22 2
95 100 41 14
95 111 3 20
115 95 52 18
95 148 5 19
95 181 45 10
192 95 25 15
96 61 38 8
64 96 6 1
99 96 15 2
96 117 45 9
96 118 17 16
124 96 12 5
96 129 23 8
96 142 34 12
97 36 7 5
91 97 5 15
97 104 27 13
97 117 45 2
97 127 19 6
97 132 50 17
142 97 3 9
150 97 14 18
151 97 35 9
97 152 5 18
169 97 55 7
97 171 41 6
97 172 50 20
179 97 43 4
183 97 34 18
32 98 5 15
98 38 37 17
58 98 52 19
98 69 10 10
117 98 12 19
127 98 59 16
98 136 48 20
98 139 22 17
98 152 30 9
98 160 64 9
163 98 4 11
98 168 55 13
98 191 30 4
99 47 63 5
99 61 21 19
99 64 48 16
99 94 16 4
99 117 38 7
118 99 45 17
124 99 6 20
99 129 3 17
152 99 7 19
60 100 35 19
124 100 32 17
100 129 52 18
100 148 37 12
149 100 47 4
181 100 61 12
183 100 41 15
126 101 50 19
101 131 34 2
162 101 7 19
101 174 25 5
177 101 50 5
188 101 33 11
197 101 49 13
53 102 51 11
153 102 1 1
102 162 3 4
189 102 52 4
102 197 14 14
103 42 48 1
103 109 61 10
103 119 2 3
133 103 43 13
138 103 56 13
176 103 29 3
103 186 57 8
28 104 22 9
104 33 14 4
104 132 42 9
104 164 29 12
104 172 45 19
180 104 30 20
104 198 45 1
2 105 24 12
105 68 53 2
71 105 38 13
85 105 39 8
105 106 34 20
105 116 20 5
105 128 55 10
153 105 38 16
162 105 40 5
165 105 17 3
105 197 5 15
106 57 35 3
106 67 37 10
106 68 33 6
116 106 49 2
106 120 28 6
106 121 12 18
128 106 32 3
106 160 59 13
106 163 28 10
106 165 53 16
106 196 29 10
107 19 63 10
75 107 16 3
89 107 39 6
107 112 59 6
107 155 12 5
161 107 30 7
166 107 5 18
108 25 13 2
67 108 14 2
92 108 31 18
108 98 33 12
123 108 58 3
108 128 45 7
108 134 38 15
108 135 18 6
136 108 50 20
108 139 34 17
108 191 46 6
196 108 37 9
109 34 19 4
81 109 21 9
119 109 35 11
133 109 46 19
138 109 26 5
175 109 64 5
109 176 32 15
186 109 61 16
110 33 15 6
36 110 24 9
110 91 63 2
110 97 26 17
110 117 46 3
110 164 63 8
169 110 6 15
171 110 42 6
110 172 3 9
110 180 35 15
110 187 2 9
78 111 61 19
100 111 48 17
111 129 38 8
142 111 4 11
111 158 30 12
111 161 14 19
111 181 28 20
19 112 18 5
37 112 25 19
75 112 6 9
125 112 21 4
112 146 2 6
112 155 32 6
166 112 46 2
113 16 43 11
131 113 7 5
113 137 32 18
144 113 47 3
157 113 40 4
113 159 16 12
182 113 18 19
114 37 56 8
62 114 37 15
89 114 4 14
114 111 21 15
114 140 27 8
149 114 55 11
114 174 14 14
114 177 50 15
178 114 58 11
78 115 3 13
100 115 25 1
111 115 51 2
115 124 37 17
115 148 31 16
192 115 29 9
85 116 19 3
116 120 13 12
116 121 62 7
116 160 49 18
163 116 26 4
116 165 60 16
197 116 16 12
4 117 9 6
117 80 34 16
117 118 3 3
117 123 8 20
117 124 22 6
127 117 6 13
117 132 60 2
142 117 10 2
150 117 40 11
169 117 60 10
183 117 39 8
196 117 61 18
117 198 10 19
118 4 54 3
15 118 47 16
47 118 8 11
118 94 30 19
118 97 12 4
127 118 40 3
118 129 10 3
132 118 21 16
150 118 5 10
152 118 58 13
118 169 53 13
118 198 56 6
34 119 12 11
42 119 33 12
119 81 4 13
138 119 35 6
176 119 38 2
186 119 48 11
2 120 17 18
68 120 60 15
85 120 2 19
105 120 5 11
160 120 2 18
197 120 28 18
69 121 13 1
98 121 45 3
123 121 26 17
121 128 58 15
121 139 37 14
154 121 9 4
165 121 59 13
196 121 23 14
170 122 8 18
87 123 43 5
123 98 44 6
123 110 23 3
123 139 9 17
168 123 11 15
123 180 51 3
191 123 15 11
123 196 27 18
123 198 60 14
82 124 51 1
111 124 57 1
124 129 36 6
149 124 27 19
151 124 27 3
183 124 10 14
125 66 19 3
125 146 56 3
166 125 18 17
126 8 22 3
10 126 52 1
22 126 58 10
126 76 12 5
126 140 33 1
141 126 52 15
126 144 31 3
174 126 26 20
184 126 16 17
127 87 56 20
110 127 37 9
123 127 25 6
127 142 11 14
127 169 64 4
127 196 55 17
128 25 50 20
57 128 38 11
128 67 58 17
68 128 16 12
120 128 15 20
128 153 64 18
163 128 3 4
165 128 33 12
60 129 43 14
129 73 40 15
129 83 32 2
115 129 50 20
129 192 17 12
130 29 12 11
130 43 32 14
52 130 6 9
130 86 57 8
130 93 37 20
130 157 33 7
162 130 2 11
170 130 62 20
189 130 32 5
130 195 27 7
10 131 11 10
16 131 12 10
131 35 28 8
46 131 38 7
131 84 20 9
126 131 7 11
131 137 10 1
131 141 62 12
131 145 37 17
131 159 33 9
131 174 25 7
177 131 64 8
131 184 44 2
188 131 64 5
15 132 29 15
110 132 45 14
132 127 3 11
152 132 1 8
172 132 4 15
187 132 37 10
26 133 17 7
85 133 49 3
133 176 17 7
134 18 44 17
134 23 44 16
134 135 51 11
136 134 22 10
134 167 51 18
168 134 8 7
175 134 21 20
134 190 10 18
194 134 13 9
135 18 43 19
135 54 63 12
135 92 64 5
154 135 41 3
135 167 28 18
194 135 9 19
48 136 45 20
65 136 10 10
67 136 64 10
92 136 13 17
135 136 36 3
139 136 16 15
136 147 44 6
136 164 10 10
136 167 41 12
136 168 35 16
190 136 2 14
191 136 35 1
137 11 62 9
13 137 28 20
137 16 21 19
126 137 8 1
137 141 14 9
137 159 30 10
133 138 6 5
138 176 1 20
138 194 36 20
23 139 54 3
139 32 44 17
139 134 57 9
168 139 6 8
191 139 39 20
3 140 22 15
140 56 52 18
140 64 21 4
90 140 24 10
145 140 25 18
156 140 45 2
140 158 5 3
174 140 2 8
140 177 58 10
178 140 60 15
188 140 1 8
8 141 26 19
144 141 58 13
157 141 50 9
193 141 19 3
142 15 18 11
142 87 9 2
142 118 24 13
142 129 32 1
132 142 25 4
142 149 44 5
151 142 28 8
142 169 15 13
183 142 27 13
143 30 16 18
144 5 38 8
144 8 29 1
10 144 38 9
16 144 29 8
144 44 24 4
144 131 30 14
144 159 46 14
144 188 59 2
145 8 63 11
46 145 4 10
145 144 36 19
145 174 64 19
145 177 29 19
145 184 42 16
145 188 32 19
75 146 33 18
107 146 47 6
166 146 44 16
32 147 2 10
164 147 6 19
168 147 57 4
147 180 19 5
75 148 57 20
148 155 11 11
161 148 58 20
181 148 10 5
148 192 46 4
3 149 20 13
61 149 33 1
149 72 52 19
149 83 35 13
95 149 56 14
149 99 26 19
129 149 20 6
158 149 46 2
181 149 27 10
192 149 25 14
150 83 46 12
94 150 44 2
150 124 38 8
150 132 10 10
150 142 26 12
171 150 24 15
150 183 43 3
150 198 43 4
15 151 13 16
132 151 60 16
171 151 7 19
151 179 42 18
151 183 11 7
15 152 20 19
36 152 5 16
152 65 48 3
83 152 53 13
152 87 45 10
117 152 22 5
123 152 5 3
152 124 2 13
127 152 34 4
196 152 39 20
152 198 37 13
9 153 30 4
116 153 8 10
153 121 58 17
160 153 14 8
163 153 14 20
165 153 48 16
65 154 28 13
154 67 36 4
123 154 16 14
160 154 59 11
163 154 24 8
154 191 2 3
194 154 11 11
125 155 16 14
155 146 41 6
161 155 53 6
156 37 29 19
156 82 28 8
156 89 3 2
156 114 47 19
10 157 44 14
157 11 58 19
157 17 33 15
157 20 18 8
55 157 10 18
157 159 61 13
157 162 15 5
170 157 43 13
157 182 57 19
184 157 8 10
185 157 3 1
189 157 29 14
193 157 32 6
61 158 62 9
156 158 52 10
158 174 19 8
177 158 7 17
8 159 12 15
17 159 5 12
39 159 18 19
44 159 57 16
159 185 50 14
193 159 45 18
160 12 36 14
38 160 49 18
69 160 19 4
108 160 27 9
163 160 27 17
160 165 48 12
196 160 18 4
161 75 34 3
161 95 39 2
149 161 7 4
161 192 3 13
20 162 21 15
29 162 42 6
162 84 3 13
162 170 9 20
162 184 48 10
162 185 16 7
65 163 54 2
163 108 57 20
163 196 31 6
23 164 49 1
48 164 1 19
65 164 15 6
164 80 34 16
164 123 6 20
139 164 49 3
164 168 64 14
164 169 52 18
164 190 8 10
165 26 1 6
165 108 10 8
165 163 25 8
196 165 6 14
197 165 8 17
155 166 39 9
1 167 48 17
167 23 63 4
167 59 31 16
167 139 36 16
167 154 41 11
164 167 8 4
180 167 48 15
25 168 62 20
168 45 56 13
168 48 47 7
168 54 54 12
168 59 40 18
65 168 49 4
168 92 14 6
168 108 39 5
168 135 59 4
167 168 13 1
190 168 32 17
168 191 5 6
1 169 43 19
36 169 32 13
169 67 28 13
80 169 35 15
169 104 45 4
123 169 43 11
169 132 32 4
169 152 21 6
169 180 16 6
169 191 23 14
169 196 3 5
198 169 45 19
170 6 4 17
14 170 19 13
52 170 49 11
84 170 20 8
86 170 50 4
170 93 46 16
185 170 32 14
170 189 59 3
171 172 25 1
179 171 39 12
198 171 61 5
28 172 2 9
47 172 40 11
172 91 16 13
172 150 7 2
172 169 35 17
180 172 27 18
173 175 19 18
194 173 41 4
174 56 59 13
174 64 37 9
90 174 15 5
178 174 21 6
184 174 9 6
188 174 52 3
175 30 33 14
175 42 9 16
175 92 22 9
138 175 58 2
175 194 21 2
34 176 63 1
177 3 39 13
13 177 6 2
62 177 35 16
177 89 45 13
177 144 14 14
178 177 51 5
178 22 23 19
37 178 38 5
178 62 54 2
126 178 53 5
178 145 63 8
179 33 64 18
179 36 17 7
110 179 28 1
150 179 39 2
179 187 18 8
180 1 55 19
36 180 5 15
58 180 63 9
80 180 11 2
87 180 62 1
180 168 53 11
198 180 36 7
181 60 5 10
129 181 18 7
181 161 34 11
192 181 17 13
182 14 51 11
182 17 10 14
182 55 16 17
93 182 2 6
182 130 22 14
182 159 47 11
182 162 13 8
182 170 61 1
185 182 30 4
189 182 9 7
182 193 41 10
182 195 21 5
94 183 16 6
129 183 19 8
132 183 32 5
183 171 2 3
198 183 57 5
184 35 24 20
184 39 55 8
46 184 50 7
79 184 42 16
184 101 51 20
184 188 24 17
184 197 47 10
185 43 58 11
185 53 38 2
185 86 28 4
113 185 23 3
130 185 63 9
189 185 36 14
193 185 60 7
185 195 60 4
30 186 40 13
186 74 6 16
186 133 30 6
138 186 27 3
186 199 45 2
15 187 23 6
41 187 55 5
47 187 19 4
80 187 25 6
187 87 54 18
97 187 46 18
187 104 17 2
172 187 16 19
188 46 51 16
188 126 19 4
188 177 15 10
189 6 24 17
31 189 17 13
189 50 8 3
189 51 44 7
122 189 25 16
1 190 62 8
190 45 7 6
190 58 12 5
190 135 25 3
190 139 27 8
191 25 57 14
191 54 36 1
191 58 63 2
110 191 45 3
191 127 6 14
152 191 10 9
164 191 39 13
191 196 8 6
192 37 60 18
192 72 49 5
192 78 38 9
192 100 6 19
111 192 62 14
114 192 54 12
192 158 22 17
10 193 33 9
43 193 34 10
113 193 15 5
195 193 59 1
194 136 12 4
194 139 19 18
17 195 28 6
4 196 41 19
98 196 39 3
116 196 33 10
128 196 6 4
196 139 61 19
196 154 36 1
197 21 47 17
106 197 18 18
197 128 39 11
197 153 25 2
198 65 35 13
198 91 14 19
97 198 21 17
98 198 53 12
198 110 36 15
198 127 40 7
198 132 25 9
142 198 57 20
172 198 40 19
198 187 15 6
198 191 47 3
199 74 43 10
119 199 64 2
133 199 9 6
