0 2 4 16
5 0 40 17
0 7 17 2
12 0 38 5
0 20 48 17
26 0 49 17
36 0 20 4
45 0 3 1
56 0 39 9
0 66 45 5
71 0 21 9
0 76 54 12
87 0 16 10
0 91 26 16
99 0 1 11
106 0 54 12
115 0 17 1
118 0 61 1
0 133 4 15
0 135 58 5
145 0 27 2
150 0 47 8
0 153 47 4
154 0 50 18
160 0 25 7
180 0 18 18
183 0 42 13
185 0 27 14
0 197 16 19
1 7 52 13
1 14 49 8
1 17 43 13
18 1 58 12
21 1 14 15
22 1 33 3
27 1 32 8
1 28 53 19
36 1 58 7
1 40 21 15
42 1 5 4
1 50 14 6
51 1 22 2
1 52 58 9
1 53 28 7
1 63 57 18
67 1 40 17
1 76 61 1
79 1 53 7
82 1 56 1
1 95 10 8
107 1 60 12
1 118 18 5
1 119 36 17
121 1 13 6
1 123 30 9
1 124 6 8
1 127 45 13
129 1 20 1
132 1 26 20
139 1 49 15
1 140 6 12
142 1 58 17
149 1 19 1
150 1 54 8
1 154 38 20
1 155 56 15
1 169 31 6
1 176 19 10
181 1 32 13
1 187 6 19
1 190 34 19
1 2 17 12
3 2 27 19
5 2 49 19
7 2 29 4
2 30 54 7
36 2 32 1
38 2 2 5
2 40 16 11
2 41 41 11
44 2 29 8
51 2 23 14
2 60 23 9
76 2 5 17
79 2 46 20
95 2 33 12
2 107 5 14
113 2 5 4
2 118 4 12
2 121 35 7
123 2 16 15
129 2 43 12
142 2 14 2
143 2 2 14
145 2 56 3
148 2 24 12
149 2 23 3
166 2 4 15
2 169 43 5
174 2 55 15
178 2 17 13
183 2 7 2
2 187 9 18
2 190 41 2
2 193 5 13
0 3 2 17
5 3 43 14
3 7 3 17
12 3 40 20
3 30 16 19
3 45 2 15
56 3 57 20
3 66 56 2
67 3 47 13
87 3 57 4
88 3 37 10
91 3 30 3
3 94 16 19
99 3 55 9
115 3 14 19
3 120 53 20
135 3 15 18
3 142 42 4
3 145 6 11
3 150 25 12
3 160 39 6
170 3 23 18
3 178 15 9
182 3 27 18
3 183 54 9
185 3 6 15
3 187 63 12
3 193 53 15
3 195 28 17
198 3 8 14
4 11 45 2
27 4 56 3
29 4 59 11
46 4 3 14
49 4 32 17
52 4 34 4
63 4 27 15
4 69 13 14
4 70 24 10
4 83 63 12
97 4 15 17
4 100 26 12
141 4 44 11
146 4 62 1
4 158 8 18
4 167 58 18
4 196 54 7
5 7 21 2
36 5 55 17
41 5 25 13
5 56 59 5
60 5 15 18
5 66 43 20
67 5 41 5
76 5 10 7
87 5 27 11
91 5 42 13
109 5 51 10
5 120 22 10
133 5 3 19
5 142 54 9
5 149 6 7
5 151 9 19
5 153 15 13
154 5 63 4
5 160 48 9
164 5 20 18
5 178 19 19
5 183 20 1
5 187 11 14
11 6 38 12
6 15 59 20
6 19 1 14
6 27 14 9
31 6 53 3
33 6 44 3
37 6 17 7
6 46 9 10
49 6 55 14
6 54 8 15
6 55 36 19
63 6 61 4
69 6 56 3
6 80 7 13
82 6 24 14
83 6 48 5
6 92 34 19
117 6 6 4
6 127 40 18
136 6 4 4
6 141 10 18
147 6 5 15
155 6 39 2
156 6 1 3
158 6 14 9
6 168 24 3
6 171 39 20
6 172 56 8
176 6 23 12
6 177 44 12
179 6 48 3
6 181 45 10
6 194 32 20
9 7 58 2
7 17 1 10
18 7 6 18
7 25 49 20
7 26 61 16
30 7 60 12
36 7 42 17
7 38 43 5
7 41 12 15
44 7 49 14
51 7 50 17
7 60 21 20
7 76 60 16
95 7 1 18
7 107 44 7
112 7 25 12
7 119 16 10
7 121 36 10
7 123 14 12
124 7 22 2
7 132 47 9
133 7 16 4
7 142 36 17
7 143 5 5
7 145 52 20
7 149 49 5
7 150 48 12
7 151 42 17
154 7 19 11
7 164 14 15
166 7 26 17
174 7 42 7
183 7 23 11
7 188 55 11
7 193 14 4
7 195 28 4
18 8 12 5
8 35 28 4
8 36 7 3
8 41 1 6
8 58 41 15
60 8 60 20
8 116 60 8
118 8 20 3
119 8 41 14
8 133 59 15
138 8 56 16
8 143 16 6
145 8 17 10
163 8 38 10
8 164 61 10
8 174 45 8
8 193 36 2
195 8 40 3
9 19 23 14
20 9 12 13
22 9 35 3
27 9 33 17
9 32 5 2
34 9 7 17
9 43 63 9
9 67 1 14
9 68 45 5
82 9 12 10
94 9 63 7
95 9 60 9
9 115 60 2
117 9 47 18
9 126 19 14
9 127 7 3
129 9 5 17
139 9 14 18
9 142 8 6
9 148 49 1
9 149 51 20
155 9 3 14
157 9 58 20
165 9 45 16
9 170 34 8
176 9 56 5
9 177 52 19
9 183 42 7
9 184 12 10
9 187 34 13
9 191 54 18
194 9 40 12
197 9 36 15
10 13 55 18
10 23 13 6
10 35 48 4
38 10 57 14
102 10 12 19
10 103 14 18
112 10 42 19
114 10 26 20
121 10 30 7
124 10 24 6
10 131 16 11
10 143 19 10
10 163 26 17
166 10 5 5
10 173 39 13
186 10 32 5
15 11 1 1
11 31 5 1
32 11 39 1
33 11 33 12
34 11 18 6
11 43 44 1
46 11 40 10
11 49 36 12
52 11 39 15
11 54 10 7
11 68 56 17
11 74 41 17
11 77 36 18
80 11 5 8
81 11 57 12
11 97 39 14
98 11 26 4
11 122 46 13
136 11 10 15
146 11 53 20
11 155 4 8
156 11 60 11
11 162 15 15
11 177 40 15
11 181 8 14
191 11 59 10
192 11 26 18
196 11 34 19
9 12 39 16
22 12 63 17
12 26 38 16
12 45 36 5
12 56 5 13
67 12 3 5
77 12 38 20
12 94 31 12
12 106 3 9
12 107 28 5
115 12 54 13
12 126 4 7
12 134 15 5
142 12 49 14
12 147 63 2
150 12 61 11
154 12 23 8
12 157 7 3
12 160 64 4
165 12 3 14
12 170 33 17
12 171 10 12
176 12 58 11
12 182 48 2
12 190 8 17
12 197 29 11
198 12 43 6
14 13 12 17
21 13 50 1
28 13 15 4
38 13 39 11
39 13 60 3
13 42 41 14
13 53 33 17
13 57 35 16
103 13 34 4
110 13 9 12
112 13 6 13
13 124 51 5
130 13 30 18
13 132 28 14
140 13 34 3
13 144 60 7
173 13 34 16
13 175 25 20
13 186 57 19
14 16 63 10
21 14 39 7
29 14 45 12
14 39 43 1
14 40 41 20
14 43 29 12
14 44 34 13
14 47 64 10
14 49 32 14
50 14 58 15
14 52 29 13
14 57 61 1
61 14 19 11
63 14 52 18
14 73 22 15
93 14 22 16
14 103 39 11
105 14 17 4
14 110 35 1
112 14 31 9
121 14 4 10
14 124 7 20
128 14 50 10
14 129 1 14
132 14 61 10
146 14 1 19
14 148 22 19
14 159 59 18
167 14 40 2
14 175 31 19
186 14 27 20
188 14 16 16
27 15 36 14
33 15 43 10
15 37 40 11
46 15 45 6
54 15 32 15
15 68 6 17
15 70 15 4
15 74 29 5
80 15 30 1
92 15 3 3
98 15 42 11
15 117 47 7
15 122 17 13
15 136 24 15
15 162 55 18
168 15 9 10
15 172 3 11
15 177 64 3
189 15 25 16
15 192 10 1
16 2 27 9
17 16 39 2
16 18 57 5
16 25 26 17
28 16 31 20
16 30 38 16
16 36 37 11
16 38 34 2
40 16 24 18
16 42 59 4
16 44 50 4
16 50 23 10
53 16 28 16
16 57 46 19
16 61 61 16
16 79 37 5
86 16 1 14
90 16 13 11
95 16 17 10
112 16 17 11
16 118 18 8
16 119 46 1
121 16 22 11
132 16 51 4
16 140 25 10
143 16 54 4
145 16 5 7
148 16 36 10
149 16 56 3
16 154 23 14
164 16 1 14
166 16 45 6
169 16 11 4
16 173 53 20
16 186 48 20
188 16 5 17
2 17 63 7
17 9 11 6
17 14 63 2
22 17 16 3
17 26 23 10
27 17 19 8
28 17 2 2
30 17 3 12
44 17 30 3
49 17 27 2
51 17 60 5
52 17 30 7
63 17 43 1
74 17 35 11
79 17 55 3
82 17 30 2
83 17 29 1
95 17 8 18
17 107 26 5
17 123 37 9
17 124 53 4
127 17 46 9
128 17 64 15
129 17 14 12
132 17 17 3
17 139 11 19
140 17 58 10
150 17 60 20
176 17 4 6
17 190 35 4
18 0 34 7
18 3 60 2
18 5 63 5
18 17 30 19
25 18 64 13
30 18 20 11
36 18 32 8
40 18 11 8
18 44 44 14
50 18 35 12
18 51 32 15
76 18 58 6
18 79 34 15
113 18 26 3
118 18 53 16
121 18 18 18
18 123 61 9
124 18 62 3
132 18 24 12
133 18 51 10
137 18 12 16
142 18 47 13
149 18 43 8
150 18 58 12
151 18 59 3
154 18 45 3
18 165 3 12
169 18 31 7
18 174 48 7
178 18 16 7
18 183 13 18
18 187 37 8
188 18 39 17
31 19 15 6
19 33 56 20
37 19 58 8
55 19 42 18
74 19 34 12
77 19 15 5
85 19 7 10
19 92 39 4
19 98 26 9
106 19 63 13
19 126 21 17
136 19 30 10
152 19 42 2
157 19 30 3
19 168 57 15
19 171 30 4
176 19 56 11
19 179 23 20
19 184 55 11
191 19 27 20
192 19 42 19
194 19 18 18
20 3 46 1
20 12 1 17
20 22 32 14
20 26 43 7
56 20 15 5
20 71 58 6
20 76 58 9
82 20 60 20
20 85 25 2
87 20 12 6
20 88 60 4
94 20 49 18
99 20 55 18
106 20 1 18
20 107 54 7
109 20 60 20
20 115 34 11
120 20 31 17
20 126 63 14
20 135 14 3
142 20 49 6
20 149 50 10
150 20 18 4
20 165 21 7
176 20 4 10
20 180 62 18
20 182 40 3
20 184 50 12
20 185 57 14
187 20 11 18
20 198 28 19
2 21 7 5
21 10 16 1
21 25 17 6
28 21 32 7
30 21 44 16
38 21 4 17
21 50 62 2
53 21 61 17
61 21 30 14
21 75 64 4
21 79 4 17
21 90 52 8
21 95 32 8
112 21 10 7
21 123 32 19
129 21 40 16
21 130 62 2
21 132 35 15
140 21 25 6
143 21 56 13
21 144 28 19
159 21 48 5
21 173 27 5
175 21 51 11
6 22 31 10
22 19 52 11
27 22 47 11
22 44 33 9
22 51 18 5
55 22 7 13
22 67 31 7
22 68 32 3
77 22 52 9
88 22 39 5
92 22 37 17
94 22 27 11
106 22 21 20
117 22 21 8
129 22 51 5
22 147 18 17
148 22 32 16
22 150 55 3
154 22 42 7
22 156 26 8
162 22 12 13
22 165 54 5
170 22 59 6
176 22 62 19
179 22 5 5
22 182 44 17
192 22 61 9
21 23 5 9
35 23 43 20
23 38 39 20
23 58 45 8
90 23 21 20
102 23 22 3
23 103 34 19
114 23 22 14
138 23 29 11
143 23 53 9
23 161 26 5
23 166 38 20
23 173 6 1
174 23 28 8
4 24 16 19
11 24 9 18
24 29 6 4
46 24 16 9
49 24 4 17
24 52 50 5
24 62 53 14
64 24 31 11
65 24 13 14
24 69 59 9
83 24 46 9
24 89 45 1
96 24 35 3
24 97 25 10
100 24 34 10
24 105 33 5
108 24 32 3
122 24 4 6
24 128 26 13
141 24 46 18
24 146 15 6
167 24 12 9
2 25 20 4
23 25 57 17
35 25 29 4
40 25 45 1
41 25 60 9
25 50 37 10
58 25 51 20
60 25 28 2
25 90 33 7
25 112 18 13
25 113 49 7
114 25 2 9
118 25 57 14
123 25 61 3
131 25 56 6
132 25 61 5
138 25 38 16
25 144 2 2
25 145 34 16
163 25 34 13
164 25 19 4
166 25 62 6
169 25 44 1
25 193 8 10
25 195 14 10
25 199 21 8
26 1 8 11
3 26 48 15
9 26 7 3
26 22 21 12
30 26 20 10
32 26 43 2
51 26 3 13
26 67 4 11
74 26 51 6
76 26 37 1
82 26 5 8
26 94 40 10
107 26 39 12
26 115 6 6
26 117 18 17
26 126 39 6
135 26 31 12
137 26 37 4
148 26 31 16
149 26 16 4
152 26 7 6
26 154 37 15
26 165 52 8
171 26 58 16
182 26 26 11
183 26 12 3
26 185 40 5
191 26 32 9
194 26 26 6
197 26 13 15
198 26 64 8
11 27 55 7
32 27 52 18
27 34 52 13
27 43 55 2
27 44 40 4
27 49 29 8
51 27 22 1
27 52 29 7
27 54 11 20
27 63 50 13
68 27 21 16
27 69 29 2
27 70 31 5
74 27 38 9
27 77 23 11
27 83 1 5
27 92 54 3
27 95 51 14
97 27 26 19
27 100 23 7
117 27 64 2
27 127 18 4
27 129 4 7
146 27 12 7
27 150 57 10
155 27 14 19
156 27 9 20
162 27 18 8
165 27 31 9
27 176 50 6
181 27 40 3
27 191 62 10
196 27 16 1
30 28 28 8
28 34 41 16
28 42 22 16
47 28 44 5
49 28 39 16
28 50 61 12
52 28 59 13
73 28 14 10
28 75 34 3
28 79 33 17
28 83 22 6
89 28 60 7
90 28 35 12
28 95 58 12
101 28 54 1
28 105 51 2
121 28 42 10
28 123 36 8
124 28 39 5
28 128 23 12
129 28 57 12
28 130 62 11
28 132 13 11
28 139 27 9
140 28 42 19
28 146 3 13
28 155 38 16
167 28 31 7
169 28 35 10
173 28 10 20
175 28 47 1
186 28 37 20
188 28 53 13
196 28 13 5
29 28 28 3
42 29 12 20
47 29 33 17
29 49 23 5
53 29 43 6
29 59 57 8
62 29 58 9
63 29 5 16
29 64 15 2
29 84 48 20
29 86 31 18
89 29 16 9
93 29 60 5
29 96 24 1
101 29 55 11
110 29 37 16
29 111 5 16
128 29 55 2
140 29 64 3
29 167 19 10
29 175 9 5
1 30 62 5
30 38 54 16
30 40 51 9
30 43 34 1
30 44 19 10
30 50 51 16
53 30 44 18
30 60 39 20
30 79 21 20
30 82 20 17
107 30 2 19
30 112 6 8
30 115 18 15
30 118 28 13
30 121 24 4
30 133 52 19
139 30 59 20
30 145 12 6
30 148 23 3
150 30 2 16
30 151 25 1
155 30 51 7
164 30 57 2
30 165 11 15
169 30 61 18
176 30 18 8
181 30 55 20
30 183 8 1
30 187 61 16
188 30 19 1
30 190 45 6
195 30 30 13
31 27 59 2
31 32 22 13
31 37 46 11
46 31 12 16
31 54 57 15
55 31 10 3
77 31 9 10
80 31 2 2
81 31 61 11
31 92 25 13
31 97 42 16
98 31 37 11
31 100 4 9
31 117 7 17
31 147 5 16
31 158 10 15
31 168 29 11
31 172 33 6
31 191 2 11
31 192 10 6
17 32 64 3
19 32 5 18
32 33 58 7
32 43 43 6
32 46 29 15
51 32 4 11
32 52 23 15
32 54 33 7
32 55 34 13
32 68 59 5
70 32 63 18
74 32 13 17
32 80 64 4
83 32 27 11
95 32 23 12
97 32 22 7
32 107 13 1
32 122 50 13
129 32 46 13
32 135 64 14
32 141 54 3
32 146 39 2
147 32 55 4
148 32 44 2
150 32 44 15
155 32 40 11
156 32 41 20
158 32 21 7
162 32 33 3
165 32 39 3
32 171 15 15
32 176 16 5
181 32 61 10
189 32 4 13
190 32 49 17
32 191 38 14
192 32 41 3
31 33 5 4
33 37 1 3
46 33 6 6
33 54 17 20
33 55 19 20
77 33 18 13
33 80 38 2
92 33 63 6
98 33 48 9
100 33 39 5
122 33 27 20
126 33 60 5
33 136 18 14
33 147 56 20
33 158 45 4
168 33 51 12
33 191 47 10
192 33 18 4
34 1 23 9
14 34 2 5
34 16 51 15
34 32 45 5
34 40 37 11
34 42 49 7
44 34 20 13
51 34 21 8
34 52 23 15
34 63 37 12
68 34 8 5
70 34 39 11
34 74 33 9
34 78 3 6
34 79 9 18
83 34 28 17
86 34 8 11
34 89 34 14
34 95 61 13
97 34 47 3
34 101 37 19
34 105 64 2
107 34 33 11
121 34 9 8
34 123 57 18
128 34 18 20
34 129 6 5
34 132 11 4
140 34 58 1
34 141 35 3
148 34 27 2
150 34 8 12
154 34 9 11
155 34 13 20
34 165 22 12
34 169 19 16
181 34 1 8
34 194 27 17
196 34 5 10
35 41 7 16
35 58 26 4
35 116 57 13
119 35 51 10
125 35 26 14
35 144 18 4
161 35 40 20
35 163 55 2
35 164 37 6
35 166 63 6
174 35 50 9
3 36 30 19
36 25 7 2
36 30 38 3
36 40 26 13
41 36 36 6
36 58 53 10
76 36 25 10
36 79 60 15
36 109 1 14
112 36 58 15
36 121 39 9
123 36 60 9
124 36 29 19
36 129 46 12
142 36 28 18
36 143 27 4
36 149 24 6
36 154 59 3
36 164 56 4
36 169 7 16
174 36 13 16
183 36 5 17
187 36 23 19
193 36 23 15
36 195 36 15
37 74 3 4
77 37 64 4
37 85 30 5
37 98 34 3
100 37 40 12
126 37 21 5
136 37 43 16
156 37 62 14
37 162 24 16
168 37 13 20
37 171 6 18
37 177 31 8
37 179 14 18
38 1 58 17
17 38 15 12
38 25 26 5
38 28 24 2
38 39 12 17
42 38 32 16
53 38 54 8
38 57 30 6
61 38 39 19
119 38 5 10
38 121 23 7
38 124 37 16
128 38 9 18
140 38 19 12
143 38 27 16
145 38 53 13
38 164 46 10
166 38 13 5
169 38 24 14
186 38 31 11
188 38 24 18
10 39 47 1
21 39 23 6
39 28 46 4
39 29 4 12
50 39 51 16
53 39 23 13
61 39 7 20
75 39 26 19
79 39 7 2
86 39 59 1
103 39 63 12
112 39 43 16
39 128 24 17
140 39 25 20
144 39 14 11
40 7 36 10
17 40 8 17
21 40 34 16
28 40 25 5
40 38 62 14
43 40 53 14
44 40 60 2
40 50 8 18
40 51 39 1
40 53 7 6
40 60 10 7
61 40 6 16
40 79 21 10
90 40 50 14
40 95 27 11
107 40 21 10
112 40 5 8
119 40 10 3
40 124 15 18
140 40 28 16
40 143 5 1
40 148 53 7
40 150 8 19
151 40 63 4
40 164 28 7
166 40 26 4
169 40 25 18
173 40 18 19
174 40 43 11
183 40 32 3
186 40 9 5
40 187 18 1
58 41 38 18
41 102 46 2
113 41 8 3
41 118 51 14
41 119 45 4
125 41 22 11
138 41 55 10
41 145 52 15
41 149 42 13
151 41 17 9
41 163 43 4
41 164 7 14
178 41 57 11
183 41 62 6
193 41 54 11
41 195 1 1
14 42 60 6
42 21 40 12
44 42 50 20
42 47 19 14
42 48 30 16
50 42 60 9
52 42 46 5
42 63 3 11
73 42 21 1
42 75 42 20
42 78 28 12
42 79 26 10
42 83 39 12
42 89 7 11
90 42 16 17
93 42 3 9
42 95 37 10
96 42 12 20
42 104 53 8
105 42 20 19
42 130 8 6
42 132 29 15
42 139 57 5
42 148 22 7
42 159 17 20
42 167 16 3
173 42 10 16
175 42 17 6
42 186 3 2
188 42 37 18
1 43 4 10
43 16 27 18
17 43 49 18
43 34 55 19
43 42 26 11
44 43 33 19
52 43 54 11
53 43 60 2
63 43 12 19
43 68 50 19
43 74 56 20
43 78 27 14
79 43 2 5
43 82 42 16
43 83 17 11
43 89 2 19
101 43 57 12
107 43 25 16
122 43 61 12
124 43 31 9
43 127 54 20
128 43 24 9
43 132 39 9
43 140 60 7
141 43 2 7
146 43 50 9
154 43 35 4
156 43 41 20
181 43 35 10
43 194 57 17
44 26 32 1
44 32 45 18
44 51 16 6
52 44 29 15
44 63 64 3
67 44 3 16
68 44 54 8
44 69 26 6
44 79 42 12
82 44 54 1
83 44 23 5
95 44 1 1
121 44 39 18
44 127 6 10
129 44 20 12
44 135 40 1
139 44 31 12
44 146 48 10
44 147 36 20
44 148 10 6
156 44 5 3
44 176 27 4
177 44 17 6
181 44 12 18
44 183 38 13
184 44 52 4
44 187 16 10
44 194 11 4
45 20 54 15
56 45 20 13
66 45 8 6
45 67 4 17
71 45 17 10
45 76 7 12
87 45 27 7
88 45 13 17
99 45 57 8
45 106 45 14
45 109 15 4
45 115 54 17
45 120 63 4
45 134 47 7
45 157 32 1
45 178 41 1
180 45 53 15
45 185 47 20
49 46 29 4
46 63 21 14
46 68 17 9
46 70 39 16
77 46 54 20
46 81 10 1
89 46 3 4
97 46 49 20
98 46 19 14
117 46 60 4
46 141 18 2
46 146 29 4
46 155 15 4
158 46 3 5
46 162 60 19
46 168 42 8
172 46 57 5
46 177 13 16
46 179 53 9
181 46 48 10
46 191 12 19
196 46 51 18
47 24 48 18
49 47 52 6
53 47 55 2
59 47 12 14
47 63 33 9
64 47 25 17
65 47 56 17
72 47 36 13
73 47 23 5
47 84 35 12
47 86 52 5
89 47 4 8
47 104 46 19
47 105 62 10
108 47 10 8
47 110 58 19
47 128 20 3
47 140 16 17
196 47 12 1
48 29 42 10
48 59 59 9
64 48 31 4
48 65 18 20
48 72 7 10
75 48 38 17
48 78 44 1
48 84 8 17
93 48 13 17
48 96 50 17
48 101 42 17
105 48 31 5
48 110 9 16
128 48 40 4
48 130 2 13
48 159 34 1
167 48 14 7
175 48 38 6
32 49 55 13
51 49 34 13
49 53 60 4
62 49 17 18
63 49 11 18
68 49 8 3
49 70 30 15
74 49 10 19
78 49 13 14
49 86 14 10
49 95 53 8
49 97 46 14
101 49 4 16
108 49 20 16
122 49 40 14
127 49 24 1
49 128 40 11
49 139 48 16
49 146 35 7
155 49 61 8
49 156 8 1
172 49 60 2
49 189 54 1
190 49 34 8
49 196 20 9
2 50 57 5
50 10 4 4
36 50 49 2
50 38 7 5
50 43 29 18
50 52 12 9
50 53 42 13
50 61 50 7
50 86 43 20
50 90 43 18
112 50 15 17
121 50 20 13
123 50 19 10
50 128 52 20
50 129 61 8
140 50 8 17
50 143 44 7
145 50 32 3
149 50 61 8
159 50 40 8
50 166 6 5
169 50 28 19
173 50 45 14
50 188 2 14
51 6 34 1
9 51 11 2
28 51 38 9
51 30 35 7
43 51 36 15
53 51 27 8
51 63 28 5
51 67 34 1
51 68 30 4
69 51 49 10
76 51 50 2
82 51 29 10
83 51 58 12
86 51 42 18
51 107 39 13
121 51 38 17
51 123 20 13
127 51 30 6
135 51 44 1
51 146 58 10
51 149 17 18
51 155 56 6
156 51 58 6
51 165 8 18
51 169 38 4
51 176 3 16
51 181 59 10
51 184 20 1
51 187 64 5
190 51 63 18
194 51 35 4
52 29 9 4
52 49 2 2
52 62 30 9
52 63 13 19
68 52 20 2
52 86 19 6
52 95 32 19
52 97 42 9
101 52 57 5
52 105 50 12
107 52 3 19
121 52 47 15
52 124 32 4
127 52 28 15
128 52 10 10
139 52 41 10
140 52 9 9
52 146 39 12
52 159 42 20
52 165 63 16
52 181 21 16
188 52 60 19
52 190 23 12
52 196 37 13
14 53 25 7
53 17 14 5
52 53 51 1
57 53 46 8
63 53 50 5
53 73 64 8
53 75 45 6
53 78 25 9
53 79 44 20
89 53 26 11
53 90 11 8
101 53 30 10
53 110 13 9
121 53 23 2
53 123 16 10
124 53 8 18
53 128 11 20
130 53 19 14
53 146 61 5
148 53 40 4
155 53 47 19
167 53 46 4
4 54 19 4
54 46 34 17
68 54 24 11
69 54 58 11
70 54 44 6
89 54 48 16
54 98 46 18
54 136 34 2
158 54 4 3
55 74 33 15
77 55 61 8
81 55 34 12
55 88 56 3
92 55 31 10
98 55 18 3
55 127 45 6
135 55 32 20
55 136 39 10
55 152 30 13
156 55 50 7
157 55 10 10
171 55 46 11
176 55 51 3
55 179 16 20
184 55 23 9
67 56 35 14
76 56 37 20
56 94 30 14
56 99 37 14
134 56 54 13
153 56 8 7
56 178 26 12
56 182 63 5
197 56 63 9
21 57 62 15
57 29 38 4
39 57 12 14
40 57 62 18
50 57 28 2
75 57 42 20
79 57 42 20
57 101 16 7
57 110 32 19
57 112 50 18
57 121 2 20
57 124 44 11
128 57 5 8
57 130 42 5
57 132 46 7
57 144 34 1
57 159 9 20
57 169 36 13
173 57 17 2
175 57 34 14
57 186 27 14
58 61 22 9
58 90 20 3
58 102 47 5
58 118 26 13
125 58 29 17
138 58 42 16
58 143 7 2
144 58 16 13
58 161 39 19
58 163 46 18
166 58 42 9
58 199 48 8
62 59 9 9
59 64 27 9
59 72 20 1
59 84 43 8
93 59 10 12
59 96 37 17
104 59 43 14
105 59 48 20
110 59 13 18
59 175 35 15
60 0 30 11
3 60 56 18
60 18 56 3
66 60 17 7
113 60 47 19
118 60 16 18
123 60 2 8
137 60 20 8
60 142 35 4
143 60 24 9
151 60 23 6
60 164 35 5
60 183 50 5
187 60 56 1
60 195 25 11
61 13 61 17
61 25 3 2
57 61 15 20
102 61 31 6
61 112 13 9
144 61 12 3
163 61 47 2
61 169 41 4
173 61 46 4
174 61 34 5
61 186 5 7
61 188 10 3
61 199 18 3
4 62 57 20
62 47 12 17
63 62 9 11
62 65 43 4
69 62 5 14
62 84 36 10
86 62 6 12
62 93 32 13
62 101 35 9
62 108 11 18
62 110 51 14
62 111 61 8
62 128 15 5
62 141 26 4
146 62 18 15
167 62 58 13
62 175 27 5
62 196 23 1
63 11 24 20
28 63 64 18
63 68 60 7
63 69 42 1
70 63 57 5
78 63 30 18
63 82 23 12
86 63 14 2
101 63 30 13
63 105 61 18
63 107 39 8
108 63 18 1
63 127 24 19
63 128 44 2
63 139 63 19
140 63 48 20
63 141 27 10
63 159 41 12
63 172 23 6
177 63 31 17
65 64 57 12
64 72 62 6
64 75 64 9
78 64 60 11
64 84 13 9
64 89 55 17
93 64 62 6
96 64 62 15
64 104 39 19
64 108 54 14
64 128 17 17
130 64 1 7
159 64 57 1
167 64 36 5
175 64 11 13
65 4 35 13
65 29 33 10
65 72 62 8
65 73 13 15
84 65 48 17
89 65 61 11
96 65 19 2
65 105 24 6
65 108 41 17
65 110 19 15
128 65 42 10
56 66 61 5
67 66 51 7
71 66 33 20
87 66 22 12
66 91 27 9
109 66 46 8
115 66 60 20
133 66 43 19
66 137 2 10
142 66 25 8
149 66 30 5
151 66 8 3
160 66 50 14
66 178 43 16
193 66 30 18
195 66 44 11
67 0 29 13
67 7 53 10
67 18 54 12
67 20 9 5
82 67 27 7
87 67 52 11
67 88 1 8
67 91 19 4
94 67 30 17
67 99 31 6
67 107 23 1
115 67 23 12
134 67 28 7
67 135 31 10
137 67 5 6
67 142 11 4
67 145 45 11
149 67 8 18
67 150 55 1
151 67 63 3
67 152 63 3
67 153 18 17
67 154 63 4
157 67 7 16
160 67 20 15
170 67 49 1
180 67 38 11
67 182 25 13
183 67 6 17
185 67 35 1
67 190 37 14
198 67 25 15
68 6 34 11
19 68 56 8
31 68 40 20
68 33 53 6
37 68 11 15
69 68 30 8
68 70 64 14
77 68 54 12
80 68 30 12
82 68 5 3
68 92 35 14
97 68 47 5
98 68 8 5
100 68 31 20
68 117 49 1
68 127 59 19
139 68 6 11
68 147 25 12
148 68 63 8
68 155 33 3
158 68 41 11
171 68 54 20
68 172 41 1
68 179 50 2
181 68 42 1
68 190 32 8
192 68 62 17
69 1 8 17
17 69 13 5
28 69 41 15
32 69 21 11
69 34 2 8
42 69 21 14
69 46 60 11
69 52 61 20
74 69 4 16
69 78 37 19
69 80 33 9
69 82 16 5
69 83 45 3
69 86 31 13
69 92 44 1
69 97 31 4
100 69 39 15
69 105 51 19
117 69 42 18
122 69 60 16
69 127 7 11
69 128 64 20
69 129 42 19
69 140 52 19
148 69 38 8
155 69 12 13
156 69 44 4
69 158 1 4
69 165 18 4
172 69 45 8
176 69 41 18
69 177 61 12
189 69 64 6
69 190 50 7
70 6 23 15
70 11 57 15
51 70 7 9
70 52 57 18
62 70 37 17
74 70 8 11
70 78 24 6
83 70 4 9
70 86 51 4
89 70 30 13
70 92 26 18
97 70 2 19
70 100 22 17
105 70 42 11
70 117 6 15
70 127 62 11
141 70 7 9
146 70 59 17
148 70 53 5
70 155 13 8
70 158 47 4
70 167 31 20
70 177 58 9
70 190 36 4
70 196 23 15
3 71 54 1
71 56 62 17
71 87 8 17
71 94 2 2
71 99 58 15
120 71 59 19
134 71 9 4
71 137 8 19
160 71 33 8
71 170 57 4
182 71 15 16
185 71 37 6
197 71 43 12
75 72 28 19
72 84 26 14
72 96 22 2
72 101 47 7
104 72 28 20
105 72 60 4
72 110 49 5
130 72 44 15
167 72 51 12
13 73 59 7
39 73 21 19
73 48 39 2
57 73 52 12
59 73 9 3
62 73 62 2
72 73 41 9
73 75 10 18
93 73 63 17
73 103 15 2
73 104 24 5
105 73 34 2
111 73 29 15
130 73 17 4
73 140 48 19
73 167 26 4
73 173 23 6
186 73 64 18
74 9 20 5
22 74 4 9
74 31 48 9
44 74 21 19
74 46 39 13
51 74 39 19
74 77 12 3
80 74 2 9
81 74 46 10
82 74 10 11
74 83 9 16
74 85 35 5
74 92 57 13
97 74 53 8
98 74 58 11
100 74 57 6
122 74 58 5
127 74 51 4
74 139 13 18
141 74 57 10
74 146 7 15
74 150 33 10
155 74 15 5
156 74 43 16
158 74 24 13
165 74 29 12
171 74 10 12
176 74 7 4
74 177 7 17
179 74 45 6
74 181 55 7
189 74 59 6
190 74 21 4
74 191 21 1
74 192 37 17
194 74 39 12
75 14 34 19
75 29 62 12
75 47 51 13
75 59 55 10
75 65 32 13
78 75 23 8
75 86 6 9
75 96 48 4
75 101 55 16
75 104 5 12
75 105 47 10
110 75 49 8
75 111 32 1
75 128 2 11
75 132 36 20
140 75 59 3
75 159 51 10
167 75 24 10
175 75 49 11
75 186 30 16
76 9 44 4
12 76 23 4
22 76 26 18
30 76 11 16
44 76 20 16
76 67 37 11
82 76 26 16
87 76 15 17
76 88 63 2
94 76 13 13
76 99 45 14
76 106 27 13
107 76 24 18
76 127 48 16
76 133 50 17
137 76 58 8
145 76 55 18
150 76 53 5
153 76 15 6
76 154 16 11
76 155 1 18
157 76 30 16
76 165 13 13
76 170 11 1
180 76 56 17
76 181 15 17
76 183 1 9
76 187 33 7
76 190 17 18
194 76 64 4
198 76 12 3
6 77 20 19
77 9 19 6
32 77 11 5
77 81 64 5
82 77 33 14
85 77 52 18
77 92 45 3
77 98 23 7
77 106 55 4
117 77 18 18
77 126 60 1
77 135 30 4
77 136 16 17
152 77 9 11
156 77 45 8
162 77 62 17
77 168 62 4
177 77 45 20
77 179 54 3
77 189 9 12
190 77 13 6
77 194 20 14
24 78 10 7
47 78 22 15
78 52 3 18
78 59 16 2
78 72 3 8
78 73 39 16
78 83 11 5
78 84 17 5
78 86 16 15
78 89 42 10
78 101 24 10
104 78 8 10
78 105 32 6
78 108 48 3
78 110 56 18
78 128 17 3
140 78 35 4
141 78 28 17
78 167 9 8
175 78 19 20
196 78 54 10
10 79 9 15
38 79 23 3
79 50 54 5
79 61 37 5
118 79 46 6
119 79 28 10
121 79 36 9
123 79 47 8
79 129 29 8
79 139 62 17
79 140 28 3
79 144 48 15
79 145 44 5
79 148 26 5
79 154 16 20
159 79 41 11
164 79 44 6
183 79 8 2
188 79 1 5
80 4 36 11
27 80 17 10
80 46 12 15
80 49 55 8
80 54 18 2
63 80 61 9
80 70 30 9
80 83 3 11
89 80 39 5
80 92 21 17
80 97 35 8
80 100 41 16
117 80 6 11
80 122 60 20
141 80 39 7
146 80 47 17
80 156 3 10
158 80 55 17
80 172 56 16
80 177 2 17
80 189 9 4
192 80 38 17
196 80 47 11
19 81 29 7
32 81 53 17
81 37 46 20
68 81 33 16
100 81 9 19
117 81 15 7
147 81 1 19
158 81 24 19
81 162 11 16
168 81 13 18
81 172 31 10
81 177 62 12
7 82 38 9
22 82 56 3
27 82 14 8
82 32 24 9
82 34 45 15
83 82 64 12
82 95 63 2
106 82 64 6
82 127 16 1
82 135 23 18
139 82 40 12
82 142 37 6
146 82 6 1
82 147 11 4
148 82 18 9
82 150 27 2
82 154 47 5
155 82 22 5
82 156 11 16
82 165 16 14
82 176 9 12
82 181 32 19
183 82 58 19
82 184 33 14
82 187 6 5
188 82 62 1
190 82 63 15
194 82 51 9
83 1 6 12
83 11 1 5
83 47 35 14
49 83 20 7
53 83 63 9
83 54 63 6
83 63 30 16
83 89 11 19
83 95 54 5
83 100 31 11
83 105 51 2
83 117 64 14
122 83 39 18
83 129 4 2
83 146 6 8
165 83 2 2
167 83 58 11
172 83 20 15
83 176 51 2
181 83 16 9
83 189 34 17
83 190 62 16
196 83 19 11
84 73 51 20
96 84 55 3
84 101 53 19
84 104 57 18
105 84 3 14
84 110 58 6
111 84 35 13
128 84 50 14
84 130 44 8
85 9 59 16
12 85 14 6
85 22 13 16
26 85 56 6
85 55 34 12
85 67 46 6
85 99 19 8
106 85 19 15
126 85 41 5
85 135 47 11
85 147 20 14
152 85 39 4
85 157 19 13
85 160 13 18
85 176 55 16
85 179 43 16
85 182 56 15
85 184 31 10
185 85 24 4
85 194 30 10
197 85 30 1
85 198 42 10
86 1 38 7
86 14 43 10
86 21 10 14
28 86 19 16
43 86 30 8
48 86 2 8
86 73 51 20
93 86 6 8
86 95 48 15
96 86 63 16
101 86 49 10
86 104 17 3
86 108 52 20
86 110 45 18
121 86 43 1
124 86 23 6
86 128 38 8
86 130 51 16
132 86 11 17
86 139 36 5
86 140 2 13
175 86 36 18
188 86 52 10
86 196 13 12
56 87 46 16
87 94 11 5
87 99 41 1
115 87 11 17
133 87 16 18
87 134 7 5
153 87 44 9
160 87 39 12
170 87 60 9
87 178 48 5
87 180 38 19
185 87 33 4
197 87 34 5
88 0 5 11
88 77 7 1
88 85 22 8
94 88 14 15
99 88 62 9
106 88 30 18
88 107 10 11
88 115 30 18
126 88 29 4
88 127 49 8
88 134 47 16
88 137 28 16
88 147 52 12
152 88 57 3
154 88 50 2
157 88 58 1
165 88 40 14
171 88 48 14
88 176 35 16
88 184 16 2
185 88 63 4
88 187 26 2
191 88 56 14
194 88 29 1
88 197 60 7
89 4 63 20
11 89 14 2
62 89 26 6
86 89 19 1
89 96 4 8
97 89 2 15
100 89 14 18
89 101 55 4
89 105 21 17
89 108 13 20
89 122 42 14
89 140 57 2
89 141 56 2
146 89 13 15
89 167 1 11
172 89 48 20
2 90 51 2
7 90 27 11
90 10 16 20
90 17 26 3
18 90 7 15
90 30 46 5
38 90 19 10
57 90 36 8
61 90 8 11
90 79 23 19
90 103 52 3
90 118 38 9
90 123 54 16
124 90 58 6
90 129 17 14
139 90 35 7
90 140 45 19
144 90 47 2
90 149 28 13
90 154 4 11
163 90 7 13
90 164 7 9
90 186 59 10
90 195 5 6
20 91 6 14
45 91 48 6
91 71 6 7
91 87 34 13
91 109 40 7
120 91 43 14
91 133 53 19
91 134 7 5
137 91 44 2
91 142 23 10
151 91 59 9
91 153 54 16
91 160 12 10
91 178 7 17
91 180 2 17
182 91 41 6
91 185 40 9
91 197 17 16
91 198 11 5
11 92 62 13
92 37 63 12
46 92 10 18
92 98 2 3
92 100 21 5
136 92 22 3
147 92 45 20
92 156 40 16
158 92 17 6
92 162 25 19
172 92 51 15
92 177 6 10
179 92 62 19
92 189 3 5
191 92 36 6
192 92 62 17
13 93 26 19
39 93 11 11
65 93 51 9
75 93 30 6
78 93 39 15
84 93 48 18
96 93 24 18
93 105 24 15
108 93 43 11
128 93 29 12
93 159 16 1
93 167 5 20
93 175 45 2
85 94 47 9
94 115 1 4
94 120 27 10
126 94 6 10
94 134 26 20
137 94 25 9
94 150 1 19
152 94 51 7
94 153 61 6
94 160 4 8
170 94 50 3
180 94 39 7
184 94 61 3
194 94 32 10
94 198 1 13
30 95 1 9
95 38 2 3
95 57 44 17
95 69 51 4
95 79 60 9
95 90 34 9
95 112 49 14
95 118 63 1
95 121 4 11
123 95 42 2
127 95 61 13
129 95 60 7
95 139 64 16
95 140 47 4
145 95 1 16
95 146 18 18
149 95 3 2
155 95 53 5
95 165 7 3
95 169 2 14
176 95 20 1
181 95 45 1
186 95 59 13
95 188 22 18
96 4 47 7
62 96 19 5
96 73 8 2
96 101 59 7
105 96 44 18
108 96 31 10
110 96 33 14
128 96 36 16
96 130 31 3
159 96 30 2
167 96 17 9
175 96 19 15
96 196 52 20
97 6 40 18
43 97 62 18
78 97 40 19
83 97 26 8
97 117 5 6
122 97 33 1
97 127 52 14
136 97 34 4
97 141 35 12
146 97 40 3
155 97 35 16
156 97 42 14
97 158 30 6
97 172 30 4
97 181 24 13
97 196 33 19
98 6 37 13
98 122 59 14
136 98 10 9
98 158 33 15
168 98 9 20
98 177 6 13
98 179 14 13
98 189 31 13
192 98 6 15
12 99 8 4
99 94 16 18
99 109 8 9
99 115 31 3
99 120 38 8
134 99 9 19
99 135 59 9
99 137 55 9
142 99 61 17
99 153 8 19
157 99 26 10
99 178 32 13
99 180 24 17
99 182 49 5
99 185 35 7
99 187 40 12
197 99 11 16
198 99 8 7
100 6 43 8
11 100 45 7
100 32 54 9
54 100 55 14
100 117 37 18
100 122 27 5
100 136 8 5
162 100 44 13
100 168 61 1
100 177 38 12
100 189 64 18
196 100 48 17
14 101 27 14
101 24 41 20
39 101 25 5
101 64 31 17
65 101 45 14
101 69 14 8
83 101 61 20
101 93 31 8
108 101 15 13
101 110 52 15
101 111 12 17
128 101 37 6
146 101 54 4
101 167 50 18
175 101 47 1
102 8 28 3
102 35 20 5
138 102 58 16
163 102 43 2
102 166 26 18
174 102 31 11
195 102 53 20
199 102 52 2
103 21 48 7
38 103 22 2
57 103 52 3
103 61 28 5
103 112 59 20
114 103 8 4
130 103 3 18
103 131 35 12
132 103 14 2
103 159 11 6
173 103 54 20
175 103 34 12
105 104 22 5
108 104 56 14
110 104 27 11
104 128 9 1
130 104 39 11
4 105 56 6
105 29 35 20
86 105 34 11
110 105 54 12
105 128 31 5
105 130 10 2
140 105 46 2
141 105 53 10
146 105 8 13
105 167 11 20
105 175 39 10
105 196 15 5
106 9 62 9
26 106 54 15
106 67 6 14
106 74 49 8
107 106 49 2
115 106 33 10
126 106 26 9
134 106 14 17
106 137 63 11
150 106 5 7
153 106 9 16
157 106 8 20
165 106 61 13
170 106 45 5
106 171 11 6
182 106 28 7
184 106 26 12
106 185 58 7
187 106 26 11
194 106 63 13
197 106 58 3
106 198 9 13
18 107 12 8
107 22 51 5
107 69 64 2
107 74 41 17
82 107 35 9
107 83 60 16
107 95 45 7
117 107 6 14
107 121 34 8
107 127 42 9
107 139 39 19
145 107 7 19
146 107 25 6
147 107 42 10
149 107 25 14
107 154 23 9
107 165 64 5
181 107 3 7
183 107 27 6
107 184 3 10
107 187 46 12
190 107 46 9
194 107 10 4
42 108 33 20
48 108 24 14
108 59 63 9
73 108 14 13
108 75 3 11
108 105 62 17
111 108 22 20
128 108 33 6
167 108 10 17
175 108 6 4
196 108 24 3
0 109 37 10
109 3 22 1
109 60 43 17
109 71 42 7
76 109 2 3
109 87 29 5
94 109 30 13
109 113 27 13
115 109 63 13
120 109 59 9
133 109 32 16
109 137 12 15
149 109 5 11
109 153 21 19
160 109 23 14
109 178 21 7
109 180 18 15
185 109 63 20
109 187 46 13
197 109 37 3
39 110 32 18
42 110 26 19
73 110 60 18
93 110 46 2
110 108 35 9
111 110 21 4
110 130 9 15
110 140 5 18
110 159 60 12
110 167 2 9
175 110 14 19
47 111 6 2
111 64 50 7
65 111 48 7
111 72 41 11
96 111 63 15
111 104 18 8
111 105 59 15
111 167 39 14
111 175 9 17
1 112 57 8
112 2 46 12
112 17 44 19
18 112 39 1
112 23 39 16
112 38 54 12
112 79 9 12
86 112 53 3
112 121 53 19
124 112 14 10
132 112 42 19
139 112 36 5
112 140 28 5
112 145 51 15
112 159 23 13
164 112 19 19
112 173 34 14
112 183 15 12
186 112 64 6
113 3 9 13
113 5 3 15
113 7 16 9
113 8 60 14
113 118 4 9
113 119 52 2
137 113 9 8
113 149 49 16
113 151 5 3
164 113 44 4
166 113 23 12
113 174 4 13
178 113 34 10
113 187 42 2
113 193 5 8
58 114 44 7
114 61 35 8
114 102 53 19
125 114 2 13
131 114 27 7
143 114 64 9
114 144 5 10
114 199 24 9
115 5 9 15
7 115 47 11
115 22 63 15
115 56 14 16
71 115 60 9
115 82 50 3
91 115 47 9
107 115 58 19
115 135 64 19
115 149 52 4
115 150 33 20
115 151 58 15
157 115 32 9
160 115 37 5
176 115 13 14
178 115 35 4
180 115 48 15
115 183 21 3
115 184 38 3
115 185 49 14
115 187 37 12
194 115 59 9
116 25 48 19
61 116 23 14
102 116 41 14
116 114 40 6
125 116 31 19
116 138 13 2
116 143 16 12
144 116 33 10
161 116 60 11
116 163 58 15
166 116 28 9
174 116 59 15
116 199 25 7
37 117 21 4
117 44 15 9
117 54 18 2
74 117 9 16
82 117 16 6
85 117 53 13
92 117 44 1
126 117 32 19
127 117 44 6
117 136 20 20
117 146 39 13
117 148 3 15
155 117 59 5
117 158 58 18
117 162 5 14
165 117 43 10
168 117 14 13
172 117 34 11
176 117 7 13
177 117 23 3
191 117 22 5
194 117 20 8
118 5 19 15
36 118 10 16
38 118 25 15
118 40 63 1
76 118 42 2
118 112 24 8
121 118 51 10
118 123 4 16
124 118 46 14
129 118 31 16
132 118 52 16
118 143 45 3
118 150 58 8
118 154 16 12
118 163 29 6
118 166 44 6
118 169 4 3
118 178 36 8
183 118 4 13
187 118 54 16
193 118 48 3
195 118 44 20
119 2 18 16
119 18 21 19
21 119 25 11
119 25 21 10
119 36 21 12
119 50 39 11
58 119 37 1
60 119 51 13
119 102 62 10
119 124 16 18
132 119 12 16
133 119 38 4
119 164 62 1
166 119 46 5
169 119 12 14
119 178 63 15
183 119 27 20
187 119 8 3
188 119 64 5
119 193 55 3
0 120 45 7
12 120 24 15
120 56 49 3
66 120 58 18
120 88 37 16
115 120 34 15
137 120 1 18
142 120 42 12
120 153 21 9
160 120 53 17
120 178 21 19
180 120 17 1
182 120 62 8
120 185 36 1
121 17 26 11
21 121 60 7
25 121 13 20
121 40 22 9
42 121 40 12
43 121 10 9
61 121 58 15
121 90 1 19
121 119 55 8
121 123 54 7
121 124 54 17
121 129 39 13
121 132 29 11
121 139 1 9
140 121 44 9
145 121 30 5
121 148 58 7
121 149 20 5
121 154 45 17
121 164 18 9
165 121 13 7
121 166 47 20
121 173 63 8
174 121 33 4
183 121 26 20
121 186 3 2
122 4 6 1
122 6 43 19
27 122 29 4
122 46 9 12
122 51 46 4
122 52 13 2
122 68 17 14
122 70 17 19
117 122 28 14
122 127 5 19
136 122 46 9
122 141 20 5
146 122 64 19
122 147 48 9
148 122 33 7
122 155 37 11
122 156 14 16
162 122 37 6
122 177 36 12
181 122 11 6
191 122 25 16
192 122 56 9
196 122 62 1
16 123 28 19
123 40 49 8
43 123 33 18
123 44 24 19
123 61 52 9
123 119 43 11
124 123 44 16
123 132 11 4
139 123 38 12
143 123 57 4
145 123 62 15
123 149 58 4
151 123 64 19
154 123 59 7
123 164 55 11
173 123 44 2
183 123 37 5
123 188 23 12
123 195 9 8
21 124 33 15
30 124 20 8
34 124 46 7
39 124 18 10
44 124 64 20
50 124 2 11
79 124 11 5
124 95 64 1
103 124 52 20
129 124 63 4
140 124 60 3
124 143 60 1
124 144 46 15
124 145 26 18
124 149 27 17
154 124 18 13
159 124 38 18
164 124 48 7
124 186 25 19
8 125 41 1
23 125 9 2
125 102 27 12
125 119 5 11
125 131 58 14
125 138 7 3
125 143 37 13
161 125 23 18
164 125 4 1
125 166 54 2
125 193 48 17
199 125 22 16
22 126 28 7
55 126 36 8
126 74 40 9
81 126 20 13
135 126 18 14
126 147 5 20
152 126 19 12
162 126 21 10
126 171 47 17
182 126 57 2
184 126 42 1
126 191 50 1
192 126 21 14
126 194 9 13
197 126 58 6
11 127 14 8
19 127 61 12
127 26 6 12
32 127 15 1
127 34 36 10
46 127 8 13
77 127 33 5
127 92 51 18
106 127 61 7
127 135 32 7
127 146 36 6
127 147 41 7
148 127 5 15
150 127 61 20
154 127 30 1
155 127 34 3
127 156 64 20
162 127 49 6
177 127 53 19
127 187 2 7
190 127 38 14
192 127 31 19
128 21 23 10
128 42 10 9
128 70 30 15
72 128 31 11
128 95 14 18
128 132 25 2
140 128 27 11
128 159 58 4
167 128 38 19
128 173 62 6
129 7 12 12
129 16 6 14
18 129 45 1
38 129 19 13
129 51 37 6
53 129 3 5
67 129 5 18
129 76 50 20
82 129 58 16
129 112 7 2
119 129 45 10
129 123 43 8
129 127 30 20
129 132 59 3
129 140 45 16
129 145 37 6
148 129 38 8
129 149 29 17
150 129 25 12
155 129 25 4
181 129 46 9
129 183 21 14
129 187 48 17
188 129 14 8
129 190 5 12
129 194 7 9
130 29 38 14
130 38 35 9
61 130 16 14
65 130 10 11
78 130 51 12
130 108 25 10
130 128 51 8
132 130 38 7
159 130 22 12
130 167 56 6
173 130 17 14
175 130 56 3
186 130 54 19
131 23 46 13
131 35 26 7
116 131 18 7
138 131 56 8
144 131 19 4
131 161 51 17
131 166 48 15
131 174 2 7
132 10 10 18
132 39 10 3
132 40 38 17
132 50 19 10
52 132 10 2
79 132 19 13
90 132 27 1
124 132 16 12
139 132 58 15
132 140 2 13
132 144 61 8
132 159 7 10
164 132 30 19
132 175 55 18
186 132 13 8
133 2 17 8
36 133 1 18
41 133 36 20
56 133 42 16
60 133 2 10
133 115 30 9
118 133 40 1
137 133 8 2
133 142 40 11
133 143 41 1
145 133 24 15
133 151 47 16
153 133 4 9
133 154 28 2
133 166 33 15
133 183 25 15
133 187 47 11
133 193 7 7
133 195 40 19
134 0 52 7
134 26 36 1
134 126 62 20
134 135 29 11
137 134 56 2
157 134 18 5
170 134 16 4
134 182 59 10
134 184 17 5
134 185 59 19
197 134 51 14
1 135 2 9
135 9 31 5
22 135 38 7
135 45 47 4
74 135 20 20
76 135 8 2
94 135 58 9
135 106 6 19
135 107 45 1
129 135 19 10
137 135 7 13
135 147 12 19
152 135 50 4
153 135 59 15
135 157 22 5
160 135 44 17
165 135 13 14
171 135 17 18
135 176 43 17
135 180 21 2
181 135 53 5
185 135 53 2
135 187 55 8
135 190 1 4
135 194 22 18
197 135 33 3
198 135 53 8
31 136 27 13
46 136 18 1
136 68 12 12
80 136 6 1
136 81 63 11
147 136 1 15
136 156 40 11
136 158 38 16
162 136 64 10
168 136 16 1
171 136 14 9
136 172 46 1
177 136 37 7
136 192 35 12
137 0 37 14
3 137 9 3
5 137 31 8
137 7 28 18
20 137 29 11
137 36 39 6
137 45 36 16
137 56 27 16
137 87 33 12
137 115 3 3
142 137 1 1
145 137 31 15
137 149 58 6
153 137 53 9
137 154 46 16
160 137 24 8
137 178 63 8
182 137 40 5
185 137 9 12
137 187 5 14
137 195 52 13
137 198 26 2
35 138 57 15
114 138 8 9
161 138 62 16
163 138 23 16
138 166 31 7
138 174 17 2
138 193 22 6
199 138 62 20
139 7 21 20
22 139 60 16
32 139 4 10
34 139 8 14
139 40 20 16
43 139 25 6
139 51 22 8
139 53 43 18
139 78 31 13
83 139 44 4
122 139 3 6
127 139 5 9
139 128 5 3
139 146 19 5
148 139 25 20
139 155 34 17
165 139 22 13
139 176 63 2
139 183 17 14
190 139 53 12
14 140 13 8
140 42 13 10
44 140 59 9
140 49 16 20
140 53 60 10
57 140 10 14
83 140 7 18
101 140 57 10
140 104 38 11
140 108 25 16
140 123 56 2
140 139 10 18
148 140 61 13
159 140 7 11
169 140 36 7
173 140 30 11
140 175 53 9
186 140 34 11
188 140 42 11
140 196 16 8
141 15 29 11
47 141 55 15
141 49 42 4
141 52 8 9
141 68 57 18
69 141 39 18
141 83 33 1
92 141 14 19
141 146 14 12
155 141 3 14
141 156 58 18
158 141 40 13
141 172 41 19
177 141 53 6
141 189 46 14
141 196 2 10
22 142 64 7
26 142 4 14
142 30 26 3
56 142 45 14
142 76 24 15
87 142 29 17
88 142 9 13
94 142 1 4
142 106 26 3
115 142 27 16
118 142 30 11
142 149 31 4
150 142 8 19
151 142 37 9
142 153 57 7
142 160 45 10
142 164 1 19
142 178 32 17
142 182 33 19
187 142 40 20
142 195 23 16
143 18 11 16
143 25 32 15
143 30 42 15
143 79 57 16
90 143 25 16
143 102 63 20
143 112 43 3
113 143 13 6
143 119 10 16
143 121 53 12
132 143 43 2
144 143 40 2
143 145 22 4
161 143 21 20
143 164 19 1
166 143 53 1
143 174 57 20
143 183 9 17
143 193 34 12
144 10 32 1
144 16 45 15
23 144 48 13
144 38 39 9
50 144 23 18
144 125 55 12
138 144 28 14
144 166 2 1
144 169 52 12
173 144 7 20
174 144 54 5
144 186 15 16
199 144 8 4
145 1 17 13
5 145 8 11
145 36 53 12
145 60 24 19
145 90 38 5
145 132 54 15
142 145 32 20
145 150 25 14
145 151 28 19
154 145 62 8
145 164 9 16
165 145 13 15
178 145 40 8
145 187 1 9
145 188 3 9
145 193 34 12
195 145 31 9
17 146 11 12
34 146 18 9
42 146 19 2
47 146 7 13
146 54 6 9
63 146 25 20
146 68 27 20
146 69 3 5
146 86 33 11
146 100 37 4
108 146 8 17
128 146 24 1
146 140 60 16
146 148 27 20
146 155 35 13
146 156 26 12
167 146 32 13
146 172 47 12
176 146 27 1
181 146 7 8
189 146 29 17
146 196 25 14
147 9 7 8
147 11 26 10
147 19 60 4
27 147 22 19
37 147 22 6
147 46 28 17
147 55 57 3
147 74 32 10
147 76 53 20
147 106 19 12
117 147 41 14
147 150 8 8
152 147 11 10
147 156 34 2
171 147 26 9
176 147 34 6
147 179 50 3
147 189 50 7
147 191 6 9
147 192 55 9
194 147 13 10
1 148 20 7
7 148 26 16
148 17 36 12
148 28 22 18
148 43 40 8
148 50 17 16
148 51 24 3
63 148 41 15
86 148 47 11
148 123 2 14
148 150 60 9
148 154 58 11
155 148 52 18
148 169 27 5
181 148 40 19
148 183 31 19
188 148 12 3
148 190 27 3
191 148 60 14
194 148 56 19
3 149 40 8
149 12 42 9
30 149 26 6
44 149 59 20
76 149 6 10
79 149 5 2
119 149 52 19
149 133 4 2
149 145 56 19
151 149 19 10
149 153 32 3
154 149 41 2
149 164 3 5
165 149 39 6
169 149 31 1
149 178 46 16
149 182 29 16
149 183 1 3
187 149 20 8
188 149 62 5
190 149 33 7
9 150 23 16
26 150 61 4
51 150 10 3
150 88 57 1
150 117 62 1
150 123 48 8
139 150 19 4
150 149 6 14
151 150 8 1
154 150 60 20
165 150 32 5
181 150 1 20
150 182 60 3
150 184 42 4
187 150 48 2
150 188 60 16
151 2 33 16
3 151 18 11
151 20 25 19
36 151 37 10
56 151 15 10
76 151 60 19
87 151 57 13
109 151 52 9
151 119 27 7
137 151 57 5
164 151 43 5
170 151 49 8
180 151 38 8
151 187 43 13
151 195 4 17
152 12 4 1
20 152 23 8
152 22 23 4
152 99 20 3
152 115 24 13
153 152 2 20
160 152 8 4
170 152 30 2
171 152 55 15
152 176 9 19
182 152 39 15
152 184 24 5
185 152 5 19
197 152 4 9
198 152 50 10
153 3 13 6
26 153 5 1
45 153 30 18
71 153 17 18
134 153 58 15
160 153 62 7
180 153 48 13
182 153 17 11
153 184 59 2
185 153 52 17
153 187 18 10
153 198 3 3
154 2 10 13
3 154 55 14
20 154 45 2
30 154 45 3
154 32 15 5
154 40 42 5
50 154 6 13
51 154 40 20
154 106 56 2
154 119 5 12
135 154 64 3
154 139 64 9
154 142 61 18
154 151 49 20
154 155 16 20
154 176 60 18
178 154 2 18
181 154 32 20
154 183 59 20
184 154 37 5
190 154 37 4
155 17 37 3
155 22 42 15
155 26 35 6
155 42 33 20
155 44 11 17
52 155 56 10
63 155 50 4
155 83 3 4
86 155 10 1
155 107 2 10
155 135 41 9
155 147 55 13
150 155 53 9
165 155 27 16
177 155 56 16
183 155 61 12
184 155 43 3
188 155 22 5
190 155 25 15
155 191 19 8
194 155 19 9
156 15 56 4
156 31 48 10
156 46 40 15
156 54 48 13
156 70 6 9
156 81 48 1
156 83 52 8
156 100 59 13
156 117 47 7
155 156 7 1
156 171 63 17
156 172 22 3
156 176 12 3
156 177 45 4
156 179 45 18
156 181 5 5
156 189 50 11
190 156 16 11
194 156 22 15
20 157 44 7
22 157 58 1
157 26 43 2
77 157 6 6
157 147 3 12
152 157 52 12
153 157 18 12
160 157 56 13
171 157 33 7
157 180 4 1
182 157 35 19
157 184 18 17
194 157 43 17
157 197 20 18
198 157 13 7
11 158 60 5
15 158 48 15
49 158 60 18
158 100 57 11
156 158 1 13
162 158 10 1
168 158 53 13
158 172 52 19
158 177 27 16
158 192 21 3
159 13 41 10
159 28 33 3
159 34 52 13
38 159 58 3
39 159 55 2
159 43 47 14
53 159 53 7
159 72 35 9
78 159 59 19
159 86 9 12
159 89 18 1
159 104 48 11
159 105 18 10
159 108 49 12
167 159 43 18
169 159 23 8
159 173 62 3
160 26 47 20
160 45 31 11
160 106 18 2
160 134 52 9
160 170 61 18
182 160 33 12
187 160 13 11
8 161 6 7
161 25 17 7
102 161 38 16
161 114 26 5
161 144 55 13
161 163 53 5
166 161 49 4
161 174 9 6
162 6 42 1
19 162 36 7
162 31 56 4
162 33 38 2
55 162 4 6
74 162 36 3
162 98 30 2
147 162 22 15
162 172 11 12
177 162 25 12
162 191 26 15
192 162 63 7
163 23 25 6
114 163 53 2
163 125 33 15
163 131 3 2
164 163 22 11
163 166 50 9
163 174 11 3
193 163 19 12
163 199 20 4
164 1 17 6
164 2 7 6
164 18 6 20
164 21 12 6
118 164 22 10
129 164 33 8
133 164 58 17
164 154 21 8
164 169 7 17
164 174 59 10
187 164 37 20
2 165 60 17
165 17 27 15
165 40 1 6
165 43 47 16
165 67 59 6
115 165 19 8
123 165 45 5
165 127 36 2
129 165 18 15
165 147 39 15
165 148 58 15
181 165 40 20
184 165 2 4
165 188 23 9
190 165 35 5
194 165 53 3
8 166 1 18
166 18 27 3
166 60 24 1
166 61 54 20
166 90 48 13
166 114 31 19
123 166 27 20
145 166 4 19
169 166 40 14
183 166 7 4
166 193 55 9
199 166 2 13
167 49 52 11
167 52 4 5
167 59 28 3
167 65 44 15
84 167 45 16
140 167 59 15
141 167 6 2
167 196 8 15
55 168 14 8
68 168 22 15
92 168 44 16
171 168 58 17
177 168 31 9
169 7 61 18
14 169 49 18
169 17 11 19
169 42 45 3
169 44 12 5
79 169 27 7
112 169 45 10
123 169 3 3
169 129 57 18
154 169 2 15
169 174 4 1
186 169 28 9
169 188 33 9
0 170 7 2
20 170 4 17
170 85 36 7
170 99 31 11
170 109 49 19
170 115 61 4
137 170 26 2
170 142 2 13
170 150 63 3
170 153 19 8
170 157 4 12
170 178 20 15
170 180 19 9
170 182 51 12
170 184 47 1
170 185 30 15
187 170 31 5
170 194 35 10
22 171 10 5
31 171 48 9
77 171 43 15
81 171 44 19
98 171 9 8
171 127 62 9
171 162 8 7
171 176 25 13
179 171 43 14
171 184 59 10
192 171 50 18
4 172 30 20
172 11 13 3
172 24 54 1
33 172 12 8
54 172 14 3
172 70 59 17
74 172 44 11
172 100 11 15
172 122 49 12
172 127 24 17
172 168 11 19
172 189 31 5
172 192 4 1
14 173 28 4
38 173 12 6
173 39 40 1
53 173 29 15
173 79 51 7
95 173 4 11
173 175 12 1
173 186 18 10
188 173 61 4
174 16 9 17
174 41 17 6
174 58 9 12
79 174 15 18
174 90 28 12
174 112 49 12
174 119 21 13
166 174 57 9
183 174 59 15
193 174 37 5
174 195 9 7
175 39 21 10
175 73 1 16
175 128 1 19
175 159 2 13
175 167 31 6
175 186 40 18
43 176 41 13
52 176 2 15
67 176 55 20
77 176 54 4
106 176 38 6
107 176 13 20
126 176 53 12
176 127 18 11
176 142 13 8
176 150 64 10
165 176 28 10
176 177 63 17
182 176 11 1
176 191 56 11
194 176 23 19
177 22 49 9
177 27 33 18
32 177 37 13
177 33 11 6
49 177 60 5
177 54 20 16
68 177 58 16
177 82 59 17
177 83 32 12
97 177 20 16
146 177 57 11
147 177 16 15
177 172 54 3
177 189 16 9
177 190 27 12
7 178 46 3
20 178 61 9
178 60 41 7
76 178 61 14
133 178 38 5
151 178 9 9
178 153 51 4
180 178 58 19
182 178 40 16
178 183 56 5
187 178 63 18
178 193 35 18
195 178 23 13
11 179 56 16
179 31 64 11
179 32 19 10
179 33 30 2
81 179 12 17
179 117 51 14
127 179 51 5
179 136 25 13
179 168 61 15
5 180 37 8
56 180 40 4
180 66 1 11
180 137 50 3
180 142 56 4
180 160 32 14
182 180 25 20
180 198 46 17
181 9 34 4
181 17 13 11
181 22 38 4
26 181 6 20
181 28 42 2
69 181 57 14
77 181 53 5
141 181 15 20
181 147 14 6
181 176 38 15
177 181 2 12
184 181 62 14
188 181 54 8
190 181 28 12
0 182 39 16
182 9 13 15
182 82 5 1
182 87 43 10
88 182 2 2
94 182 46 2
107 182 64 1
182 135 57 16
154 182 33 7
165 182 33 3
182 184 26 11
182 187 2 10
190 182 42 13
182 191 47 12
197 182 54 16
25 183 58 14
183 51 43 15
90 183 29 16
183 113 13 8
183 124 47 6
183 132 29 8
145 183 16 7
183 150 38 20
183 151 61 11
183 164 36 20
165 183 5 17
181 183 49 16
188 183 43 1
183 194 47 12
32 184 18 14
184 67 30 17
184 74 18 7
77 184 3 2
127 184 13 5
184 135 57 9
142 184 9 14
184 147 6 4
160 184 19 16
184 176 63 3
184 187 36 14
190 184 38 11
184 191 38 20
184 194 30 8
197 184 49 4
185 56 42 2
185 76 8 13
94 185 32 2
185 142 25 11
185 178 20 4
180 185 63 16
182 185 35 6
187 185 23 15
185 197 39 14
186 21 11 7
186 23 38 3
25 186 54 19
50 186 29 20
53 186 38 4
186 114 47 12
123 186 18 7
186 159 60 3
188 186 62 17
0 187 48 17
187 7 16 2
12 187 9 17
187 22 55 20
187 56 11 14
87 187 9 5
94 187 4 2
154 187 26 11
187 165 10 3
187 176 60 15
180 187 56 12
183 187 19 13
187 190 4 19
187 195 45 12
188 2 24 18
17 188 12 14
188 25 1 7
188 34 43 19
36 188 42 12
40 188 25 2
188 43 38 11
44 188 33 3
51 188 59 20
90 188 39 17
107 188 27 6
188 118 64 3
188 124 61 10
188 132 26 7
143 188 54 20
188 190 38 12
189 6 4 20
189 11 45 10
189 31 26 12
33 189 34 11
189 46 63 7
189 54 7 9
189 68 41 7
189 81 20 11
97 189 6 6
189 117 62 16
189 122 21 1
189 162 61 6
189 168 40 5
189 192 35 3
190 6 60 6
190 9 15 4
190 22 41 4
27 190 59 4
190 34 52 15
43 190 51 14
44 190 30 9
190 63 41 20
95 190 53 4
190 117 11 5
142 190 8 15
190 147 36 17
190 176 30 7
191 190 29 2
191 6 33 16
20 191 9 19
191 22 32 3
76 191 6 20
191 77 26 6
81 191 28 11
191 82 2 18
191 106 16 8
127 191 59 7
135 191 46 14
150 191 42 18
191 156 34 8
157 191 9 14
177 191 49 13
191 179 42 4
191 194 23 1
6 192 51 3
27 192 40 7
37 192 42 6
192 46 37 19
117 192 32 7
168 192 51 15
176 192 40 5
192 179 48 10
192 191 60 3
18 193 5 16
193 35 3 1
193 58 18 11
149 193 28 1
193 151 4 2
164 193 40 14
193 183 44 19
193 195 60 18
1 194 26 4
17 194 61 13
20 194 51 19
194 22 56 20
194 27 14 4
194 30 13 17
194 68 32 2
127 194 6 5
194 139 29 16
150 194 63 13
154 194 8 11
194 171 21 7
182 194 26 2
194 187 26 3
194 197 1 10
0 195 39 18
18 195 33 16
40 195 20 14
195 58 29 1
195 119 10 12
125 195 52 11
195 149 34 18
164 195 3 6
195 166 55 13
195 183 40 17
24 196 43 3
196 42 38 13
54 196 1 19
63 196 42 14
89 196 43 7
196 101 14 12
197 67 26 14
197 76 47 20
94 197 44 18
115 197 11 15
142 197 14 9
197 153 32 19
160 197 50 4
198 71 37 7
198 115 46 9
134 198 63 8
160 198 25 13
182 198 9 12
185 198 10 3
8 199 25 7
23 199 53 4
199 174 55 13
