0 1 32 18
0 3 8 15
0 13 23 10
51 0 50 20
0 71 17 18
86 0 60 14
1 86 39 14
0 2 40 14
2 13 23 12
2 36 11 5
2 61 12 5
2 65 14 3
2 73 30 3
86 2 8 7
13 3 48 16
3 51 63 9
16 4 57 17
27 4 49 17
32 4 22 13
66 4 32 15
72 4 48 17
78 4 42 7
4 82 52 13
4 97 14 19
5 4 51 14
5 12 38 1
16 5 42 15
5 25 19 13
5 38 2 11
5 42 24 13
5 52 57 7
61 5 19 11
5 62 2 16
5 72 53 15
5 82 62 18
18 6 8 9
23 6 6 13
6 24 24 15
32 6 29 6
6 43 10 12
6 47 16 3
80 6 35 7
7 14 54 15
7 23 37 10
24 7 62 18
54 7 11 16
65 7 24 19
76 7 63 13
80 7 37 9
8 28 49 1
34 8 30 10
8 48 61 4
84 8 6 9
90 8 12 2
94 8 27 11
9 4 59 8
16 9 38 18
9 25 44 8
9 35 13 5
72 9 1 2
77 9 56 11
9 81 38 14
9 97 61 19
10 12 30 17
28 10 45 1
58 10 35 17
84 10 14 14
96 10 57 11
11 22 32 7
33 11 14 19
67 11 4 10
70 11 55 14
31 12 30 20
42 12 12 8
52 12 6 19
53 12 10 8
12 72 8 4
12 88 14 4
90 12 59 19
12 96 31 11
13 51 31 17
13 71 17 2
14 18 52 6
41 14 49 14
14 43 46 7
14 63 47 13
14 76 25 16
15 31 3 13
15 59 34 12
92 15 21 2
15 99 24 8
25 16 22 8
16 35 20 14
16 49 64 5
62 16 56 4
66 16 27 17
72 16 13 16
16 77 39 17
16 78 7 18
16 82 38 8
16 89 63 10
17 40 27 13
17 45 6 20
55 17 47 6
64 17 27 9
77 17 56 15
98 17 19 4
7 18 9 11
21 18 38 2
43 18 32 12
18 47 23 15
60 18 19 19
63 18 39 4
19 86 44 15
20 3 3 12
20 34 5 14
44 20 40 14
20 51 31 17
20 91 48 4
7 21 25 14
21 23 62 13
21 43 39 2
21 47 40 6
63 21 31 16
22 26 49 19
22 67 42 5
22 83 57 5
89 22 25 10
23 43 59 15
47 23 59 15
60 23 33 12
80 23 43 14
85 23 32 8
24 18 23 18
24 21 9 8
24 23 13 6
47 24 17 12
24 54 25 14
24 60 38 14
24 65 10 13
73 24 56 5
80 24 20 20
24 86 27 9
25 4 10 12
25 27 7 2
25 49 35 4
25 61 64 6
72 25 11 19
78 25 26 14
81 25 54 18
29 26 58 12
26 33 6 15
70 26 55 8
75 26 60 6
26 83 13 9
96 26 32 12
2 27 11 13
7 27 34 6
27 9 60 15
27 32 7 11
27 61 45 20
27 66 26 15
73 27 8 19
78 27 49 9
27 79 13 4
27 82 50 9
87 27 44 11
28 30 30 19
48 28 3 16
53 28 46 14
56 28 18 14
57 28 7 10
90 28 51 11
28 93 54 12
29 11 47 16
29 33 62 4
29 62 46 15
89 29 10 8
96 29 41 16
8 30 29 13
37 30 36 11
52 30 23 6
30 56 35 4
57 30 26 10
58 30 49 5
71 30 39 3
84 30 50 5
30 94 38 19
31 10 27 8
31 53 16 8
96 31 63 14
7 32 30 7
32 61 38 2
32 65 50 7
32 66 32 2
32 73 29 6
32 79 14 16
32 87 22 18
32 97 20 3
33 12 51 15
38 33 30 5
62 33 26 12
33 70 33 1
75 33 21 14
89 33 39 11
37 34 54 7
57 34 9 18
34 84 22 5
34 90 11 19
94 34 35 12
35 4 9 13
40 35 51 4
35 49 57 4
35 55 9 4
66 35 44 18
78 35 21 9
35 79 29 1
35 97 58 2
4 36 1 5
27 36 20 18
36 61 14 6
66 36 64 7
36 76 51 10
36 78 17 13
36 82 26 14
36 97 6 13
28 37 39 6
48 37 56 18
56 37 24 7
37 58 29 6
37 84 5 2
38 12 30 12
38 22 53 6
38 29 38 11
38 62 9 6
72 38 28 16
38 96 48 17
39 1 1 9
39 19 57 20
40 49 52 9
40 55 56 20
68 40 35 9
81 40 30 14
95 40 11 14
21 41 61 10
23 41 43 17
50 41 53 4
42 52 20 17
42 62 52 19
70 42 16 16
42 75 49 14
42 89 25 20
42 96 39 15
7 43 7 3
43 41 23 4
50 43 25 9
73 43 30 16
45 22 10 15
55 45 18 13
45 77 49 16
46 95 7 12
47 7 31 8
47 69 42 5
47 80 23 19
47 85 31 17
30 48 32 13
34 48 10 6
48 90 56 10
93 48 16 9
49 9 27 15
66 49 10 9
49 68 4 8
77 49 63 9
49 78 26 5
14 50 29 20
76 50 24 19
50 79 57 18
52 71 44 10
84 52 29 2
93 52 32 5
53 10 55 7
88 53 28 10
90 53 59 10
99 53 33 14
54 21 26 19
23 54 3 7
41 54 12 1
54 43 23 3
54 47 64 11
60 54 13 1
63 54 59 7
54 69 45 12
73 54 17 9
80 54 37 2
54 85 38 15
68 55 41 14
55 77 37 16
55 81 7 13
98 55 24 7
48 56 39 11
56 53 25 16
58 56 35 6
84 56 33 7
56 90 25 13
37 57 15 1
56 57 55 17
57 58 17 16
57 93 38 2
57 94 62 4
58 8 2 10
58 28 36 4
34 58 38 13
53 58 46 6
58 93 4 14
94 58 27 12
59 10 64 20
31 59 64 2
59 53 1 1
47 60 57 18
80 60 2 12
4 61 63 1
72 61 41 7
62 25 61 13
70 62 34 5
75 62 47 2
62 78 13 4
98 62 10 6
63 23 60 15
63 41 49 3
63 69 1 3
80 63 18 15
64 40 15 10
45 64 30 17
55 64 46 18
64 98 13 2
36 65 32 5
54 65 34 11
86 65 41 3
66 5 61 4
66 61 34 15
66 72 43 20
78 66 44 3
66 81 24 4
66 82 5 17
97 66 14 10
26 67 32 12
29 67 63 16
67 75 43 19
67 83 25 8
35 68 22 13
78 68 64 12
95 68 43 7
68 97 17 19
43 69 61 2
80 69 44 7
70 12 31 5
70 22 50 18
29 70 45 16
70 38 36 16
67 70 61 14
75 70 7 1
70 89 54 10
2 71 40 9
71 51 3 18
71 61 59 8
84 71 60 11
42 72 11 6
72 62 57 1
72 78 5 16
72 89 31 13
36 73 2 18
73 87 39 12
40 74 52 1
95 74 37 3
75 11 64 15
75 83 55 20
75 89 44 20
76 27 6 3
43 76 1 13
73 76 31 4
76 79 59 9
25 77 28 19
77 68 4 17
89 77 14 19
78 9 35 1
81 78 35 4
82 78 59 9
78 97 1 18
97 79 31 6
80 43 43 4
16 81 47 4
81 49 36 13
68 81 2 17
81 77 12 20
97 81 51 7
61 82 5 8
82 62 60 8
82 72 2 13
82 89 50 16
11 83 54 1
84 57 16 10
58 84 14 4
84 90 42 7
80 85 55 17
39 86 56 19
87 6 55 16
7 87 18 16
65 87 62 8
87 79 21 3
88 10 59 10
31 88 41 14
88 90 63 15
5 89 59 14
89 25 8 4
38 89 43 7
45 89 42 6
89 78 44 2
98 89 11 16
90 10 1 3
90 30 42 13
90 37 56 18
90 52 63 19
57 90 45 16
93 90 20 15
91 3 5 15
91 44 56 13
91 51 8 13
92 59 50 12
93 30 21 11
34 93 43 17
37 93 41 5
53 93 2 14
93 56 49 19
93 84 16 13
88 93 23 9
94 93 24 9
48 94 51 2
52 96 36 5
96 53 28 18
70 96 21 6
75 96 38 1
96 88 40 8
27 97 25 17
49 97 17 15
16 98 20 16
98 45 36 16
31 99 63 20
59 99 31 3
99 88 48 15
99 92 33 13
