0 1 6 7
0 36 14 6
41 0 35 9
0 53 51 1
0 57 25 6
0 62 63 7
0 73 46 14
92 0 48 11
0 96 36 11
28 1 1 1
1 36 32 18
53 1 13 1
1 62 29 14
1 70 16 9
1 73 47 6
1 92 6 7
98 1 36 11
6 2 30 11
2 10 20 19
2 11 16 16
15 2 47 8
2 29 49 20
2 31 58 3
2 58 33 11
2 60 22 19
65 2 27 18
2 67 31 6
72 2 17 12
2 80 30 20
2 87 29 13
2 99 35 4
0 3 45 11
3 17 51 7
25 3 46 14
3 27 62 15
28 3 57 11
3 29 27 15
31 3 17 8
41 3 30 7
64 3 5 5
3 67 47 19
3 70 2 7
82 3 32 11
3 83 7 12
3 92 41 13
3 98 43 10
4 23 44 15
38 4 56 9
4 49 59 4
68 4 6 4
93 4 32 20
97 4 15 11
8 5 16 10
5 9 52 18
5 13 35 8
5 16 33 1
20 5 54 15
5 24 13 19
42 5 28 3
5 46 63 15
5 48 3 2
51 5 11 2
5 52 35 4
5 59 44 15
5 66 1 13
71 5 58 15
75 5 1 17
5 76 47 12
85 5 60 16
6 15 55 14
22 6 29 14
6 33 10 10
6 55 30 8
6 58 52 1
6 67 39 1
6 72 33 12
6 73 24 20
76 6 55 10
6 84 6 11
87 6 2 10
6 95 59 18
6 99 30 13
7 26 7 5
30 7 3 4
31 7 42 1
37 7 56 4
7 39 49 9
45 7 38 20
7 60 23 3
63 7 33 14
7 67 35 13
7 68 9 4
70 7 19 2
7 78 17 6
7 81 60 20
7 98 16 17
8 9 36 9
18 8 29 4
8 20 17 20
8 48 25 18
51 8 41 16
52 8 13 8
66 8 17 10
8 75 5 10
8 76 52 20
79 8 15 3
91 8 1 9
9 46 58 6
9 48 3 15
55 9 59 14
9 58 47 16
76 9 20 3
9 80 7 7
9 85 64 11
6 10 15 6
15 10 23 12
10 29 56 12
10 43 53 20
45 10 48 6
10 60 47 13
10 67 54 11
10 72 38 19
73 10 22 2
10 74 46 19
78 10 16 14
80 10 10 20
98 10 64 1
10 99 16 16
21 11 49 3
11 23 37 20
11 26 41 8
11 37 40 20
11 61 7 19
11 63 38 19
68 11 31 16
72 11 42 4
11 80 53 5
11 97 41 12
12 22 53 17
33 12 53 14
34 12 25 14
43 12 35 15
47 12 53 15
54 12 52 14
59 12 41 7
12 69 53 20
12 76 20 14
12 94 42 8
9 13 26 20
13 16 26 5
13 18 3 2
13 20 24 1
13 24 60 16
13 42 17 3
46 13 11 20
48 13 62 6
13 51 19 12
13 52 36 12
13 59 1 18
66 13 6 13
75 13 61 20
14 24 15 8
14 33 52 19
35 14 58 7
40 14 4 15
42 14 26 1
69 14 35 17
71 14 61 1
76 14 49 4
79 14 35 5
14 84 34 19
86 14 42 19
90 14 17 5
15 29 55 20
31 15 33 20
58 15 31 13
63 15 30 10
64 15 3 7
15 65 64 6
72 15 23 4
15 80 48 18
15 87 45 13
15 99 62 19
8 16 30 5
18 16 13 6
24 16 16 1
46 16 24 3
16 48 42 17
52 16 25 11
16 79 50 18
16 93 35 11
17 7 13 12
17 26 28 20
28 17 49 19
17 32 2 1
41 17 60 14
70 17 64 18
17 77 27 17
17 82 32 6
83 17 3 16
92 17 27 5
14 18 22 16
18 35 23 10
18 46 32 9
52 18 29 15
18 55 58 15
18 71 9 5
76 18 17 11
79 18 61 17
85 18 20 15
91 18 50 8
19 5 10 14
13 19 37 11
19 14 2 15
19 18 3 16
19 46 13 19
19 51 49 1
52 19 61 14
71 19 49 2
19 75 50 8
19 84 22 9
90 19 9 18
20 14 29 6
18 20 25 5
20 19 39 14
35 20 53 3
42 20 41 10
46 20 14 9
20 51 12 20
20 52 21 3
59 20 10 15
20 76 62 11
79 20 25 6
86 20 5 9
20 90 18 17
2 21 37 12
21 15 7 16
21 30 50 18
21 38 21 3
21 39 1 18
45 21 13 19
21 49 39 11
21 55 36 1
21 60 17 8
21 65 41 11
68 21 1 5
21 72 34 6
21 78 48 5
80 21 27 5
21 93 29 7
21 97 28 3
44 22 45 1
47 22 13 3
54 22 46 9
84 22 21 5
22 85 58 8
89 22 48 9
22 94 31 15
22 96 30 10
21 23 5 19
23 30 19 8
49 23 42 20
23 63 35 1
23 68 42 9
23 97 23 3
24 8 50 18
18 24 54 13
24 46 16 8
24 48 32 7
24 51 17 4
52 24 54 13
59 24 36 13
71 24 25 9
24 75 27 20
24 79 23 4
24 84 63 4
85 24 48 19
24 91 53 17
25 17 48 11
25 27 5 3
28 25 53 16
36 25 29 13
25 41 21 16
70 25 15 1
82 25 41 5
83 25 36 6
29 26 15 8
26 37 2 9
26 39 43 13
60 26 47 12
26 63 18 8
68 26 59 6
70 26 46 4
78 26 26 16
0 27 40 2
27 17 50 6
29 27 13 5
27 31 36 17
27 32 19 10
67 27 15 15
70 27 52 3
27 78 1 16
27 87 53 8
92 27 10 16
95 27 4 5
98 27 3 10
27 99 57 19
0 28 27 8
27 28 41 11
32 28 32 13
28 36 45 16
41 28 57 13
28 70 31 10
83 28 4 13
92 28 12 2
29 7 39 16
31 29 12 17
29 37 22 7
29 58 25 12
60 29 8 1
29 63 39 7
67 29 64 19
29 70 34 1
72 29 60 9
29 73 37 14
29 98 12 4
30 2 10 4
11 30 39 19
30 15 28 11
26 30 3 2
45 30 46 12
63 30 14 15
64 30 1 4
65 30 29 13
30 68 47 14
30 72 38 11
30 78 53 15
81 30 2 12
87 30 50 17
30 98 30 17
31 10 30 20
31 17 39 19
26 31 27 5
30 31 63 4
31 32 61 9
31 39 3 20
45 31 29 13
31 63 50 15
64 31 16 11
72 31 8 4
78 31 52 2
81 31 21 14
31 82 38 8
31 87 58 11
32 3 1 19
29 32 47 10
32 36 57 17
32 70 57 9
32 77 19 9
83 32 40 12
32 98 50 11
33 22 12 5
34 33 6 10
40 33 17 7
33 54 18 17
69 33 44 12
33 76 16 10
84 33 48 4
85 33 15 17
86 33 5 8
88 33 54 19
94 33 35 8
34 6 11 10
22 34 35 5
44 34 24 4
47 34 42 1
34 53 4 6
34 54 47 17
62 34 35 10
69 34 15 7
34 73 64 2
34 88 2 7
94 34 28 2
96 34 32 5
35 5 38 1
8 35 28 14
35 9 27 13
35 19 26 16
35 24 57 20
43 35 15 6
35 46 23 4
51 35 8 8
35 52 52 3
35 59 3 13
35 71 33 4
35 75 43 19
35 76 51 16
79 35 47 20
35 86 27 12
17 36 58 19
27 36 29 12
36 41 27 18
36 57 54 13
36 70 36 17
77 36 7 19
82 36 60 13
36 92 62 7
30 37 19 20
37 39 21 8
37 60 61 7
37 61 23 15
37 63 3 7
37 64 46 18
65 37 41 18
37 68 3 10
37 70 52 13
72 37 7 18
37 78 30 11
37 87 35 11
98 37 11 15
16 38 32 12
38 23 34 6
38 45 13 2
38 48 42 1
50 38 15 8
60 38 10 14
38 61 61 17
38 65 11 17
66 38 35 6
38 68 58 8
38 97 20 16
39 11 51 7
39 23 5 8
30 39 37 1
45 39 5 7
39 60 60 1
63 39 28 14
65 39 18 6
39 68 63 3
39 72 51 5
39 81 6 4
19 40 11 3
22 40 27 8
35 40 6 18
40 46 33 6
59 40 8 4
40 76 1 14
40 79 19 10
84 40 41 4
40 85 26 8
86 40 13 18
94 40 41 18
27 41 4 4
29 41 12 10
32 41 12 2
41 62 16 20
64 41 53 19
70 41 7 12
73 41 23 17
77 41 54 1
41 82 24 18
41 83 48 5
41 87 56 11
95 41 40 15
98 41 42 17
42 19 3 20
52 42 38 9
59 42 16 19
75 42 50 13
42 86 3 18
90 42 7 5
43 22 42 8
33 43 15 10
43 34 19 16
40 43 7 8
43 69 21 10
43 73 15 16
43 74 35 3
84 43 6 9
86 43 43 15
88 43 43 1
94 43 59 13
53 44 26 20
54 44 56 11
56 44 4 4
44 89 17 12
44 96 46 5
2 45 41 19
11 45 20 6
45 26 61 11
29 45 27 4
37 45 52 4
45 55 22 15
58 45 9 3
60 45 32 5
45 61 9 18
72 45 26 5
45 78 32 5
80 45 17 4
45 98 61 17
46 8 12 14
46 14 18 10
46 42 13 17
46 48 45 6
46 51 10 9
46 79 38 12
46 86 39 9
46 91 38 1
47 44 61 2
47 54 43 14
69 47 11 9
48 2 45 1
35 48 23 15
51 48 51 11
52 48 57 4
65 48 27 7
48 66 45 15
48 79 22 6
84 48 62 3
48 85 38 11
91 48 57 10
49 9 47 9
38 49 20 9
50 49 20 4
49 61 14 15
49 65 2 19
66 49 3 13
80 49 48 11
49 93 58 19
49 97 58 5
50 80 64 3
50 93 58 2
50 97 36 20
51 16 21 11
51 18 45 5
52 51 7 2
51 66 42 13
75 51 17 2
76 51 41 20
51 79 23 1
84 51 45 9
51 85 63 4
86 51 25 14
51 91 48 2
52 46 33 19
59 52 16 16
71 52 33 17
91 52 45 3
53 54 3 11
57 53 22 16
53 62 7 19
53 88 33 7
43 54 24 15
56 54 36 16
54 62 47 9
69 54 60 2
54 74 58 10
94 54 49 9
96 54 21 16
55 15 20 19
55 48 1 4
55 60 27 11
65 55 58 19
72 55 8 16
78 55 3 15
56 34 34 20
53 56 25 8
89 56 58 13
94 56 10 8
56 96 32 16
57 1 14 10
57 62 53 10
73 57 63 8
57 88 2 10
96 57 22 10
57 99 28 17
58 10 23 9
58 60 18 8
65 58 17 19
58 67 46 20
58 72 11 15
58 76 9 10
84 58 57 8
58 85 35 1
58 87 31 11
58 88 40 3
58 99 41 9
59 14 24 1
59 46 25 14
51 59 37 17
59 76 52 2
59 85 16 6
86 59 33 8
59 90 59 5
60 15 57 6
30 60 55 6
60 31 59 7
60 61 5 8
63 60 40 1
65 60 53 2
67 60 63 1
68 60 12 9
72 60 41 1
60 80 30 19
98 60 15 11
4 61 55 16
61 21 43 2
61 30 31 5
61 65 2 6
61 68 64 18
80 61 38 4
61 81 13 10
61 97 44 19
62 6 9 10
96 62 54 8
98 62 51 5
99 62 1 12
63 2 47 4
63 61 48 20
63 70 48 14
63 72 20 9
78 63 56 16
63 80 21 2
98 63 41 12
1 64 33 2
7 64 56 3
64 26 12 9
29 64 29 1
45 64 21 20
58 64 52 20
64 60 5 11
64 67 4 10
64 70 3 12
64 73 22 2
64 87 59 11
64 92 44 9
95 64 32 5
64 98 59 12
65 9 18 20
65 11 29 15
65 29 51 8
31 65 38 6
65 63 38 14
65 67 44 2
78 65 39 20
81 65 34 8
65 87 38 6
9 66 2 8
66 16 11 5
67 15 54 13
67 26 36 7
67 30 18 20
55 67 15 14
67 70 38 7
80 67 56 5
67 87 27 18
88 67 2 9
98 67 31 7
68 45 45 5
68 81 13 3
68 97 39 15
84 69 6 15
85 69 7 9
89 69 21 9
69 94 1 19
70 31 18 3
70 78 48 16
70 83 12 10
87 70 6 5
92 70 4 9
95 70 57 20
98 70 25 3
99 70 35 2
71 42 21 20
71 46 38 12
71 51 5 14
59 71 31 15
71 76 63 12
71 79 19 5
7 72 31 16
72 64 50 13
65 72 49 11
67 72 27 7
78 72 51 19
72 80 14 12
72 81 23 19
72 87 50 3
98 72 41 4
99 72 30 4
73 62 50 12
74 73 60 13
88 73 48 10
99 73 44 14
74 33 55 12
74 34 34 16
85 74 15 6
87 74 46 17
75 18 34 6
75 20 54 10
46 75 62 17
59 75 39 8
75 71 29 6
79 75 21 9
75 86 11 20
91 75 26 9
76 13 32 14
19 76 13 13
76 24 58 18
76 43 63 16
46 76 47 3
48 76 30 8
76 52 39 6
69 76 22 1
84 76 54 12
86 76 39 6
3 77 5 19
25 77 8 19
77 27 31 11
77 28 6 19
77 70 53 2
83 77 49 4
92 77 60 19
78 2 26 18
11 78 5 7
78 29 53 1
78 39 60 19
78 60 56 2
78 67 25 14
78 68 38 17
80 78 20 10
87 78 25 12
98 78 55 1
78 99 60 5
9 79 9 4
79 13 64 14
19 79 23 6
79 42 30 19
52 79 12 2
59 79 1 8
79 76 43 12
85 79 31 3
79 91 18 16
39 80 31 11
80 48 9 8
80 58 61 19
80 65 2 20
68 80 31 11
80 81 9 19
11 81 33 9
81 23 41 13
81 26 7 20
37 81 54 20
45 81 13 19
60 81 15 7
81 63 24 18
78 81 9 6
7 82 56 7
82 28 61 9
29 82 17 5
32 82 53 20
82 64 64 19
77 82 11 1
82 83 7 3
83 0 58 7
83 1 37 11
83 36 30 3
83 57 55 7
84 5 57 10
84 18 49 7
84 46 54 20
59 84 11 20
79 84 56 6
84 86 4 16
84 94 45 3
12 85 26 3
85 14 38 12
85 35 47 1
46 85 1 8
76 85 18 17
84 85 27 6
86 85 36 20
85 94 62 11
5 86 18 11
86 12 10 8
86 19 62 18
24 86 50 16
52 86 25 1
69 86 57 7
87 3 5 14
10 87 5 16
87 29 36 6
87 45 59 11
87 55 2 14
87 63 29 15
88 87 29 15
95 87 9 19
87 98 56 9
99 87 49 20
1 88 7 7
10 88 28 2
88 29 8 7
88 62 48 4
88 64 53 10
95 88 24 17
12 89 42 14
34 89 41 3
54 89 16 20
96 89 42 6
13 90 31 12
24 90 23 16
46 90 44 12
90 52 34 18
71 90 3 9
91 5 39 10
91 13 18 18
16 91 40 20
35 91 55 16
25 92 59 13
32 92 58 9
41 92 9 8
83 92 32 15
38 93 19 13
93 66 3 16
91 93 6 20
93 97 38 4
6 94 64 18
47 94 57 1
74 94 56 15
95 1 18 2
3 95 45 4
10 95 39 16
95 29 7 10
95 53 51 15
95 57 8 18
62 95 33 14
67 95 57 12
73 95 45 11
74 95 42 20
98 95 22 12
96 1 21 10
96 6 29 3
53 96 40 3
74 96 54 4
88 96 41 4
96 95 51 15
99 96 25 15
39 97 6 13
98 2 14 13
98 28 6 9
98 58 46 10
98 73 8 14
98 82 40 16
88 98 39 20
98 92 45 18
3 99 48 6
41 99 57 4
99 64 5 9
99 67 28 9
99 74 57 8
88 99 5 20
95 99 50 17
98 99 58 20
