14 0 5 1
0 39 7 1
43 0 4 2
45 0 2 5
0 52 3 3
58 0 7 4
59 0 6 1
61 0 5 5
67 0 2 1
74 0 8 3
0 77 5 5
84 0 1 5
0 95 8 5
0 98 7 3
0 102 8 4
0 112 5 4
0 132 8 1
0 133 5 4
0 137 3 2
149 0 1 2
158 0 5 4
0 159 2 2
167 0 1 2
0 177 5 2
0 179 1 2
0 183 7 4
191 0 7 1
195 0 6 4
9 1 2 5
22 1 1 3
1 24 5 1
1 34 7 3
50 1 7 2
64 1 8 5
1 79 4 2
1 111 6 1
1 117 6 2
118 1 1 1
128 1 6 5
144 1 6 3
1 156 6 5
1 188 4 2
189 1 5 5
10 2 2 3
2 43 6 1
2 65 6 3
2 67 1 5
80 2 1 4
92 2 8 2
101 2 3 4
102 2 5 4
108 2 6 1
132 2 2 4
147 2 6 1
2 159 1 3
2 167 6 2
2 171 6 2
184 2 3 4
2 185 6 5
9 3 6 1
3 11 6 3
20 3 6 4
22 3 7 5
25 3 6 1
33 3 7 2
3 37 3 1
3 41 3 5
42 3 6 2
46 3 3 4
3 47 8 1
48 3 8 4
64 3 3 2
3 68 8 5
3 78 7 3
85 3 8 5
87 3 6 1
88 3 7 4
93 3 6 3
94 3 1 1
97 3 3 3
3 117 4 4
3 118 7 2
3 127 8 1
3 128 6 2
3 131 5 4
3 138 6 1
162 3 8 5
3 164 1 4
3 176 8 1
3 179 6 5
3 181 8 1
190 3 3 2
4 11 4 2
20 4 8 3
24 4 2 3
4 47 6 5
64 4 4 5
4 79 8 3
4 111 3 2
4 115 4 5
117 4 8 2
4 139 5 2
166 4 1 2
181 4 5 3
4 189 1 3
15 5 3 3
18 5 6 1
19 5 6 4
5 23 7 5
36 5 8 4
5 38 8 2
41 5 1 2
42 5 6 2
48 5 8 2
49 5 1 1
5 51 5 1
57 5 6 1
71 5 4 5
79 5 4 5
94 5 4 3
96 5 8 2
97 5 2 5
5 103 7 5
5 116 5 2
117 5 8 4
118 5 4 3
119 5 2 5
124 5 7 3
130 5 7 1
140 5 4 4
5 152 8 4
156 5 8 1
160 5 7 4
5 164 6 5
173 5 1 4
5 175 1 3
5 176 6 5
178 5 3 2
190 5 4 2
198 5 7 2
6 3 1 2
6 9 6 4
6 11 5 4
26 6 3 4
28 6 6 2
6 37 3 2
6 47 8 3
6 64 5 5
66 6 6 4
6 68 4 3
78 6 5 4
6 85 5 2
6 97 3 5
6 127 5 3
136 6 1 1
141 6 7 2
144 6 4 3
6 150 5 5
162 6 6 1
12 7 2 4
15 7 1 4
7 19 7 5
36 7 7 4
7 49 8 1
7 57 5 3
69 7 5 1
103 7 4 2
7 109 5 2
7 120 2 5
124 7 3 3
7 135 5 3
152 7 4 1
7 155 5 2
168 7 5 3
7 170 3 1
175 7 1 4
178 7 1 3
180 7 8 3
7 187 5 3
192 7 5 3
7 193 1 3
7 197 1 1
14 8 1 5
8 27 2 2
45 8 4 4
8 52 8 4
59 8 3 5
8 62 5 2
67 8 5 4
77 8 4 4
80 8 3 5
101 8 7 2
125 8 8 5
8 132 2 5
145 8 2 1
148 8 8 5
158 8 4 5
8 159 2 1
8 167 7 2
8 171 8 5
8 174 4 3
183 8 6 2
8 185 5 1
8 186 2 2
9 4 3 1
11 9 5 5
20 9 7 1
22 9 7 3
50 9 4 4
9 63 1 1
64 9 6 1
68 9 7 5
97 9 6 3
111 9 5 2
128 9 7 3
130 9 6 5
139 9 4 3
156 9 7 5
162 9 8 4
181 9 8 1
188 9 7 2
190 9 4 3
21 10 3 2
39 10 7 5
10 54 1 2
58 10 6 3
65 10 4 5
80 10 1 5
10 86 2 3
10 102 1 2
10 108 6 3
10 114 6 2
10 132 7 1
10 142 3 1
10 184 3 1
10 185 8 1
195 10 1 1
20 11 3 5
22 11 8 2
33 11 4 1
11 37 8 5
41 11 8 3
46 11 1 3
11 50 7 4
11 55 7 5
64 11 6 2
11 78 6 3
85 11 7 4
11 93 3 1
97 11 2 2
111 11 2 3
117 11 1 2
118 11 1 4
11 130 7 4
11 131 1 5
11 134 2 3
136 11 1 2
138 11 7 1
11 150 1 3
11 156 6 3
165 11 1 2
166 11 7 4
176 11 6 1
181 11 8 1
190 11 8 1
198 11 4 1
13 12 7 2
18 12 5 4
19 12 8 5
12 21 1 1
23 12 7 1
32 12 5 5
12 36 3 4
40 12 6 2
56 12 5 2
57 12 3 3
69 12 7 1
12 75 5 2
81 12 1 3
83 12 7 5
103 12 6 1
120 12 8 1
142 12 8 2
155 12 3 1
12 161 4 3
12 164 4 5
12 168 1 4
173 12 4 5
177 12 2 4
178 12 5 2
12 196 5 4
13 5 1 4
13 7 5 1
13 17 1 1
13 18 6 2
19 13 5 5
23 13 2 3
35 13 3 5
13 38 2 3
13 49 6 2
91 13 2 1
13 103 3 5
120 13 7 5
135 13 5 5
13 140 1 3
146 13 1 4
13 152 4 5
13 155 3 4
13 160 3 1
170 13 5 3
13 173 7 4
13 175 8 5
13 178 4 4
180 13 3 2
182 13 7 4
13 187 4 4
192 13 8 2
13 197 7 5
30 14 1 4
14 44 1 3
14 45 6 1
60 14 5 2
61 14 4 5
14 67 2 3
77 14 8 5
110 14 4 1
125 14 3 2
14 132 6 3
145 14 2 5
148 14 2 4
14 149 7 4
154 14 5 1
14 158 8 4
159 14 5 5
14 171 2 4
174 14 7 3
186 14 1 5
14 195 6 5
15 13 1 4
15 23 4 3
15 34 3 5
15 36 3 2
38 15 6 4
15 42 8 3
49 15 5 5
15 57 6 3
71 15 7 5
79 15 7 4
96 15 4 1
109 15 1 1
15 116 2 5
15 117 6 2
15 130 4 1
134 15 1 1
15 140 8 3
15 152 3 5
15 156 5 4
173 15 7 5
15 176 4 2
15 190 4 1
197 15 7 1
15 198 6 4
33 16 1 1
16 48 3 1
52 16 2 1
55 16 6 5
16 58 2 1
61 16 8 1
62 16 3 5
74 16 1 1
16 87 6 3
16 93 8 4
16 99 7 3
16 101 6 4
16 105 5 5
112 16 8 2
16 122 1 3
137 16 5 4
138 16 3 3
16 142 8 2
16 145 8 4
149 16 8 3
165 16 4 2
16 171 2 4
172 16 3 5
16 174 3 3
179 16 4 2
16 183 8 5
186 16 1 2
191 16 6 5
12 17 4 4
17 18 8 4
17 19 3 3
21 17 7 1
17 23 6 2
17 31 3 2
32 17 7 3
35 17 6 2
40 17 1 2
17 54 5 2
56 17 5 2
57 17 2 3
17 70 6 5
81 17 8 2
17 83 5 2
17 103 4 2
17 105 5 2
17 109 5 5
17 112 1 3
123 17 7 4
17 124 4 3
17 126 4 3
135 17 5 4
155 17 7 1
17 161 8 1
168 17 5 3
17 169 8 1
173 17 3 4
17 177 2 1
180 17 1 5
17 191 8 4
192 17 8 5
193 17 3 3
19 18 7 4
18 21 3 2
23 18 7 2
29 18 1 4
18 31 5 2
18 35 1 4
18 36 1 5
49 18 8 2
55 18 1 2
69 18 8 4
18 71 8 5
18 83 1 3
91 18 8 3
18 99 5 3
135 18 4 3
18 155 7 3
18 160 4 1
164 18 7 4
168 18 8 4
18 169 3 1
170 18 1 4
18 172 7 4
18 173 3 4
176 18 2 2
177 18 8 3
18 178 5 5
18 180 4 5
18 191 1 2
193 18 2 4
18 196 7 5
197 18 4 2
199 18 2 1
19 21 8 3
31 19 5 4
19 35 7 2
36 19 4 3
55 19 1 5
69 19 6 2
71 19 3 4
19 75 1 4
19 83 3 1
91 19 2 2
96 19 2 4
99 19 4 5
109 19 6 4
120 19 7 4
19 124 1 3
126 19 8 4
19 135 2 4
140 19 5 1
152 19 6 3
19 160 7 5
19 161 3 5
164 19 5 2
169 19 7 2
170 19 7 4
172 19 5 3
175 19 1 3
19 176 8 1
19 177 6 4
19 178 7 3
180 19 6 1
182 19 7 4
19 191 6 1
192 19 7 4
19 193 4 3
196 19 5 1
22 20 1 2
20 37 3 3
50 20 3 1
20 117 3 2
20 128 2 5
20 136 7 2
20 144 1 3
156 20 3 2
21 16 4 4
21 32 1 2
21 35 7 4
39 21 2 4
40 21 5 2
21 52 7 3
54 21 8 1
21 55 2 4
21 58 5 3
21 69 1 1
21 70 1 1
21 75 8 2
21 81 3 3
83 21 2 1
21 86 2 2
99 21 4 3
109 21 6 4
21 112 7 1
114 21 4 2
21 123 7 4
21 161 1 1
164 21 6 4
168 21 2 1
174 21 1 2
177 21 6 4
179 21 1 4
191 21 8 1
196 21 4 3
199 21 1 1
4 22 7 1
37 22 8 5
22 47 3 5
50 22 4 4
63 22 3 4
22 64 6 3
22 68 2 2
88 22 4 3
97 22 8 2
22 117 7 3
22 127 6 2
22 130 8 4
22 144 1 1
150 22 6 1
156 22 2 1
22 166 1 2
181 22 4 2
188 22 2 4
189 22 3 2
190 22 4 2
19 23 5 5
23 33 3 3
35 23 7 3
40 23 1 2
42 23 6 1
23 48 5 4
53 23 7 1
57 23 8 2
23 68 5 4
23 81 8 2
83 23 6 1
23 87 3 5
96 23 5 2
97 23 2 5
103 23 3 2
23 105 2 2
118 23 7 1
23 131 2 1
23 140 6 3
23 152 2 2
23 164 1 5
165 23 4 2
169 23 7 1
173 23 7 3
176 23 7 1
23 178 8 5
23 182 4 1
23 193 8 2
23 197 5 4
23 198 6 2
9 24 6 1
20 24 4 2
34 24 7 2
24 64 1 4
24 111 4 3
24 128 1 2
130 24 3 3
139 24 1 2
24 144 5 4
24 156 5 5
188 24 6 3
189 24 7 3
25 6 1 4
26 25 5 4
28 25 3 3
30 25 2 1
44 25 3 5
46 25 1 5
63 25 5 3
25 66 8 4
72 25 6 5
25 73 2 5
74 25 3 3
76 25 6 4
78 25 8 5
85 25 4 3
88 25 4 4
89 25 7 1
90 25 8 2
93 25 2 1
25 100 8 4
104 25 5 5
25 107 6 4
121 25 7 3
127 25 3 5
25 131 7 4
25 133 8 3
25 137 6 5
138 25 7 4
141 25 3 2
25 143 3 2
149 25 4 4
25 150 5 5
25 151 1 2
25 153 4 5
162 25 5 1
163 25 5 3
26 28 4 5
26 37 7 4
44 26 6 2
46 26 3 5
47 26 7 5
26 73 3 5
26 76 6 1
26 78 1 4
88 26 5 1
100 26 4 5
113 26 5 1
121 26 1 4
26 136 6 3
138 26 1 2
26 143 5 2
26 150 4 4
26 162 5 3
26 163 5 4
27 0 5 3
14 27 1 4
45 27 3 4
52 27 7 2
27 61 7 2
65 27 5 3
27 80 7 2
27 95 2 3
102 27 2 5
106 27 8 1
129 27 4 5
145 27 5 4
154 27 4 1
27 171 6 2
27 183 3 3
27 186 2 2
195 27 1 5
37 28 7 5
28 46 5 2
78 28 1 2
82 28 3 3
28 85 8 2
88 28 4 3
104 28 4 3
143 28 4 4
163 28 6 1
194 28 7 5
29 12 2 2
29 17 6 3
29 21 8 1
31 29 5 2
32 29 2 5
35 29 4 4
29 69 3 1
70 29 8 2
29 83 4 2
99 29 6 5
29 120 8 5
123 29 1 4
126 29 4 1
135 29 2 1
29 142 5 2
155 29 7 4
29 168 2 2
170 29 8 5
172 29 5 1
173 29 1 4
180 29 5 1
191 29 6 5
193 29 1 4
196 29 4 4
199 29 8 3
45 30 6 3
30 59 7 5
30 72 3 1
82 30 6 2
30 89 8 3
90 30 6 3
95 30 2 3
98 30 6 4
100 30 5 3
107 30 1 4
110 30 6 3
30 121 2 2
125 30 7 4
141 30 2 5
145 30 1 5
148 30 7 2
30 154 5 2
158 30 8 1
163 30 5 1
183 30 2 2
194 30 3 2
12 31 8 3
58 31 6 5
69 31 2 4
31 70 8 1
31 83 5 1
31 84 6 4
99 31 7 3
31 109 2 1
135 31 6 4
31 161 6 4
168 31 5 3
172 31 8 3
31 191 6 2
31 192 7 3
31 193 1 5
196 31 5 4
31 199 7 2
35 32 5 3
54 32 3 5
83 32 7 3
84 32 2 5
123 32 7 3
142 32 7 5
155 32 6 2
32 161 8 5
32 168 7 5
32 169 6 3
32 180 4 3
192 32 5 3
196 32 7 5
40 33 8 5
33 41 2 3
46 33 1 3
33 53 1 3
33 66 2 1
68 33 1 5
71 33 8 1
74 33 2 5
33 75 5 4
77 33 1 1
85 33 6 1
33 87 7 1
33 93 5 1
94 33 3 4
97 33 8 3
98 33 4 3
33 131 4 1
133 33 5 5
134 33 8 1
33 137 8 2
33 151 7 1
33 162 5 1
33 164 7 3
165 33 2 5
33 172 7 2
174 33 4 3
33 179 4 1
181 33 6 1
33 182 1 2
33 198 8 5
11 34 5 4
34 42 6 2
34 96 2 3
34 97 4 2
34 111 1 4
34 119 8 1
128 34 6 5
34 134 7 2
34 140 5 2
176 34 7 2
181 34 5 4
34 188 5 3
34 190 6 1
35 12 2 2
35 54 1 1
56 35 2 4
69 35 8 5
70 35 3 3
83 35 7 3
35 105 5 3
109 35 7 4
120 35 8 1
126 35 7 5
135 35 2 2
35 169 3 4
173 35 2 4
35 177 6 2
35 180 7 1
191 35 5 3
35 193 6 4
36 13 2 4
36 17 4 1
23 36 2 2
38 36 7 3
57 36 5 3
69 36 1 2
71 36 5 4
36 91 3 3
96 36 4 4
103 36 4 3
109 36 2 5
124 36 4 1
126 36 7 2
135 36 8 2
36 146 2 2
36 152 3 4
160 36 1 2
168 36 4 3
36 175 8 4
178 36 2 1
36 182 4 1
192 36 5 1
36 193 1 1
36 197 7 3
46 37 7 1
37 47 6 4
64 37 2 5
37 66 5 3
88 37 1 5
97 37 7 3
37 104 3 1
127 37 4 2
136 37 3 1
37 138 1 1
141 37 7 4
37 143 2 5
144 37 5 2
150 37 3 1
37 162 1 5
37 166 4 5
38 7 6 5
38 19 6 4
38 57 2 5
96 38 1 4
38 103 8 3
140 38 4 3
38 152 8 5
38 175 1 4
178 38 4 3
38 182 3 5
197 38 2 1
16 39 1 1
31 39 6 4
39 40 3 4
39 43 3 2
45 39 6 3
39 52 6 1
39 58 7 5
70 39 8 5
39 80 2 1
81 39 4 3
39 83 7 4
39 86 6 5
39 105 7 4
114 39 4 5
39 122 4 4
39 123 3 4
142 39 4 3
151 39 3 1
167 39 1 2
39 174 6 5
39 179 2 3
39 184 1 2
185 39 6 3
39 186 7 1
191 39 7 3
196 39 4 1
40 16 2 2
41 40 2 4
42 40 4 3
51 40 2 3
53 40 2 3
55 40 2 4
57 40 6 3
63 40 1 5
40 66 4 5
68 40 2 3
40 74 7 3
40 81 6 2
93 40 5 5
97 40 1 1
40 99 4 4
105 40 8 1
109 40 6 1
112 40 4 4
119 40 6 1
40 122 5 4
40 127 4 4
40 131 3 2
40 164 4 4
165 40 4 2
40 168 3 1
40 169 5 1
40 176 3 4
178 40 6 5
179 40 4 5
40 193 5 4
40 199 5 3
23 41 1 4
42 41 7 2
41 46 4 5
41 48 5 5
51 41 5 2
41 53 7 2
41 57 2 3
41 66 8 1
41 79 1 4
41 81 8 2
85 41 1 1
41 93 1 2
41 97 6 3
41 99 7 3
112 41 3 5
41 116 5 2
41 118 4 4
41 130 4 5
41 133 2 2
41 134 5 4
41 137 8 2
41 138 1 3
140 41 2 2
41 172 6 3
41 173 1 2
176 41 2 1
178 41 1 3
41 179 1 1
41 181 4 5
41 182 2 3
11 42 8 4
33 42 5 3
48 42 7 1
42 55 3 5
42 63 7 3
42 66 1 1
71 42 6 3
42 75 6 1
42 93 2 3
42 96 6 4
42 97 4 5
112 42 4 2
42 117 8 2
118 42 6 4
42 127 7 1
130 42 7 3
42 139 1 2
42 140 8 3
42 156 4 4
42 162 5 3
42 164 1 2
42 165 3 2
42 176 7 1
177 42 4 3
42 178 1 3
198 42 8 4
43 27 4 2
52 43 8 5
67 43 2 3
43 108 1 1
114 43 2 5
43 142 8 4
171 43 4 4
43 185 4 1
43 186 2 1
44 30 7 5
44 59 6 1
62 44 4 3
44 72 6 5
44 73 7 2
44 76 5 1
77 44 3 2
44 78 1 2
89 44 8 3
44 95 3 3
100 44 5 5
44 104 2 5
106 44 6 3
44 110 5 1
113 44 2 2
138 44 1 3
44 141 2 2
44 143 8 5
44 148 7 2
44 149 2 5
153 44 6 3
44 154 1 3
157 44 2 4
44 158 5 2
44 163 5 4
44 183 3 5
194 44 7 1
25 45 6 3
45 44 1 5
52 45 5 2
45 59 5 4
61 45 5 5
62 45 8 4
45 67 4 3
45 74 2 1
45 76 6 2
77 45 5 5
45 81 8 3
95 45 3 3
45 98 3 2
45 106 8 2
107 45 5 2
112 45 8 5
122 45 2 5
45 125 1 5
45 133 1 3
45 137 7 5
148 45 1 4
45 149 6 2
154 45 3 4
45 158 1 1
159 45 3 5
163 45 2 1
45 167 3 5
179 45 3 5
183 45 7 2
185 45 8 4
6 46 7 4
47 46 1 5
46 51 8 3
46 53 7 1
46 55 7 1
63 46 8 3
74 46 2 5
46 76 5 4
82 46 4 2
46 93 8 5
46 97 6 4
98 46 1 1
112 46 8 1
127 46 5 1
138 46 8 5
46 139 2 5
150 46 2 2
162 46 6 1
179 46 8 5
181 46 3 2
11 47 4 5
47 20 2 5
47 50 1 3
47 63 7 5
47 66 4 1
47 68 6 3
85 47 4 2
47 88 6 2
47 97 6 4
47 127 7 2
47 131 3 2
144 47 5 2
150 47 4 3
162 47 5 2
181 47 7 1
189 47 8 2
48 11 6 4
48 33 3 2
48 40 6 5
48 46 6 3
48 53 2 4
48 57 2 2
48 63 3 4
68 48 1 2
48 71 5 3
75 48 5 4
48 85 3 2
87 48 6 1
48 88 6 3
93 48 7 4
94 48 1 2
97 48 3 1
118 48 2 1
130 48 6 5
131 48 3 3
133 48 4 1
162 48 8 1
164 48 5 3
172 48 1 1
48 176 2 3
178 48 5 5
48 179 2 1
182 48 3 5
48 190 4 5
49 36 5 2
49 38 8 3
91 49 6 3
49 96 3 1
109 49 5 5
49 116 8 5
135 49 1 2
146 49 5 2
49 155 6 3
49 160 1 5
49 170 5 5
49 173 8 1
49 175 8 2
49 192 3 1
3 50 8 1
50 6 3 4
50 37 5 5
88 50 5 1
50 97 8 4
128 50 8 5
136 50 7 5
50 139 3 4
150 50 4 2
162 50 1 1
166 50 4 5
50 188 4 1
189 50 6 3
51 15 8 1
51 23 2 2
51 42 8 5
55 51 2 1
57 51 5 1
71 51 6 3
51 75 8 2
51 79 2 5
85 51 7 4
93 51 5 1
51 96 1 3
51 99 1 1
51 116 8 1
51 118 2 1
119 51 7 1
51 130 3 5
51 131 1 1
51 134 6 2
138 51 5 2
51 140 3 4
51 165 6 4
166 51 2 5
172 51 4 4
51 173 4 5
51 177 4 2
181 51 7 4
190 51 1 3
198 51 3 2
52 14 3 5
58 52 2 4
52 60 4 2
62 52 5 2
52 81 2 3
52 95 5 2
101 52 1 3
106 52 3 5
52 107 8 3
122 52 4 3
52 132 2 5
52 133 6 5
137 52 5 1
145 52 2 5
149 52 8 5
52 158 4 2
52 179 1 5
52 183 6 2
191 52 7 3
52 195 2 1
3 53 6 4
53 11 3 4
53 16 7 3
42 53 4 1
53 56 2 3
53 57 2 1
53 63 7 5
66 53 1 5
68 53 2 3
53 74 1 3
75 53 2 5
81 53 7 1
85 53 4 1
53 87 8 2
53 94 3 1
118 53 5 5
53 119 2 5
53 127 2 2
134 53 8 2
53 138 3 4
164 53 4 1
53 165 7 2
176 53 2 5
53 178 2 3
53 179 8 4
53 181 8 2
182 53 1 5
190 53 8 3
54 12 4 4
18 54 2 4
19 54 4 4
54 31 4 5
54 56 5 4
70 54 3 2
81 54 5 5
54 83 2 1
84 54 2 4
114 54 3 4
54 142 6 2
54 172 5 5
54 193 2 3
55 3 3 1
55 17 2 3
23 55 7 4
41 55 2 2
55 48 5 3
55 53 3 2
56 55 1 3
55 57 4 5
55 66 7 4
55 68 7 2
74 55 4 1
75 55 5 3
55 85 4 4
112 55 2 1
55 122 4 4
127 55 8 2
55 134 7 3
55 138 1 2
55 164 6 2
172 55 4 1
173 55 5 1
174 55 7 5
177 55 4 5
55 181 8 2
55 190 1 3
191 55 8 1
55 198 8 2
55 199 7 5
0 56 1 5
18 56 3 5
21 56 4 5
56 31 7 2
56 39 4 5
52 56 3 5
70 56 3 2
74 56 7 3
77 56 2 4
81 56 2 3
56 84 2 1
56 99 1 5
101 56 1 3
105 56 7 1
114 56 2 3
56 122 1 3
56 137 5 2
56 151 2 3
161 56 6 1
56 164 7 5
165 56 4 4
56 169 6 4
56 172 8 1
177 56 8 3
56 179 3 1
56 196 5 2
199 56 8 2
57 13 6 5
57 19 7 5
42 57 2 5
49 57 8 1
57 75 1 1
57 79 6 2
96 57 8 5
109 57 7 4
124 57 4 5
57 140 6 1
152 57 4 3
57 164 8 5
57 173 1 1
175 57 8 1
176 57 1 5
178 57 6 3
57 181 1 4
182 57 8 2
190 57 8 3
57 197 5 5
58 43 5 5
56 58 1 5
70 58 4 5
58 80 6 2
83 58 2 4
86 58 8 4
101 58 4 2
102 58 1 2
58 108 3 1
58 114 1 4
122 58 3 3
123 58 3 5
58 129 2 4
58 142 2 3
58 171 3 5
58 184 3 3
185 58 3 1
191 58 6 3
58 199 5 5
14 59 7 4
27 59 3 5
52 59 4 3
59 62 7 4
72 59 2 5
59 76 7 5
77 59 4 4
89 59 8 4
95 59 6 4
98 59 7 5
110 59 5 1
59 148 6 1
59 154 4 2
157 59 5 3
158 59 1 3
159 59 8 3
59 163 8 4
183 59 3 1
186 59 6 5
2 60 4 1
27 60 7 2
43 60 4 5
60 59 2 2
61 60 8 5
62 60 3 2
65 60 8 5
60 67 2 4
72 60 1 4
80 60 8 5
95 60 4 3
101 60 3 5
102 60 6 4
122 60 4 4
60 125 8 4
60 129 7 1
145 60 7 1
60 148 7 5
149 60 2 2
60 167 3 2
171 60 1 2
61 62 1 4
80 61 6 1
98 61 5 1
61 107 5 1
122 61 4 5
125 61 5 3
132 61 7 2
61 145 6 1
149 61 8 1
151 61 2 3
61 154 1 5
159 61 6 3
167 61 7 5
61 174 7 3
61 183 4 5
61 185 4 3
61 186 5 4
61 195 8 4
62 0 7 4
62 25 1 3
62 67 3 2
73 62 6 2
74 62 2 5
76 62 4 1
62 77 7 2
78 62 3 5
82 62 1 1
62 98 7 1
62 104 4 3
106 62 2 1
62 107 4 1
110 62 6 5
125 62 2 2
137 62 3 3
62 145 7 5
62 148 1 1
62 149 5 2
62 157 3 3
62 194 7 3
63 3 7 1
63 6 8 4
11 63 6 4
63 37 8 4
63 51 6 3
55 63 1 1
66 63 8 5
71 63 3 5
63 75 5 2
63 85 8 1
63 87 5 1
63 88 6 1
97 63 7 5
63 98 3 4
63 127 5 5
63 130 5 5
131 63 7 1
63 136 7 1
138 63 2 2
139 63 4 5
63 150 6 1
63 162 2 4
164 63 6 1
63 166 1 4
63 182 5 1
64 20 1 4
64 47 6 2
64 50 1 3
64 117 8 3
64 128 2 3
139 64 1 4
162 64 1 2
64 166 6 3
181 64 4 2
64 188 3 2
189 64 3 1
65 8 5 2
65 43 6 5
65 67 6 4
65 86 4 5
65 92 5 3
101 65 7 4
102 65 8 5
108 65 5 4
132 65 8 4
159 65 4 1
65 167 1 2
171 65 5 1
65 185 7 2
65 195 1 4
66 3 7 4
66 11 5 3
66 22 2 2
26 66 7 5
66 46 5 1
66 51 8 5
68 66 6 4
75 66 6 5
76 66 8 2
78 66 6 5
66 87 8 2
66 93 4 2
66 94 1 4
97 66 2 4
107 66 8 4
112 66 5 3
127 66 8 2
66 133 1 5
66 136 1 2
66 137 5 2
138 66 1 1
139 66 5 3
143 66 1 5
66 150 6 5
66 162 5 5
163 66 4 5
66 165 4 2
179 66 7 4
67 39 4 2
67 52 8 1
72 67 1 5
77 67 2 3
67 80 5 4
67 81 3 5
67 95 2 5
101 67 2 4
67 102 2 5
106 67 5 5
107 67 2 1
67 125 6 1
67 132 4 4
67 148 7 2
67 154 3 4
67 159 6 2
67 167 1 2
171 67 4 2
67 174 4 2
183 67 8 5
68 5 7 2
11 68 6 2
41 68 3 1
51 68 2 1
68 71 5 5
85 68 4 4
88 68 8 1
68 97 3 1
112 68 1 1
68 116 5 4
68 118 1 2
68 119 6 5
127 68 5 1
68 128 8 4
68 130 1 4
68 131 5 4
133 68 8 1
68 134 5 1
68 136 1 4
137 68 8 2
138 68 2 1
68 156 5 2
162 68 6 3
165 68 5 1
68 166 2 2
68 176 4 3
68 178 3 3
179 68 4 5
68 182 5 4
69 13 4 3
17 69 4 1
69 23 5 3
70 69 4 5
69 83 8 3
69 99 3 2
69 105 2 1
69 124 8 5
135 69 8 4
155 69 7 5
168 69 7 1
170 69 3 2
172 69 6 5
180 69 7 2
70 10 4 3
12 70 1 1
70 84 7 3
99 70 1 3
101 70 6 3
120 70 7 3
123 70 2 5
70 169 4 2
70 191 5 4
70 199 6 2
3 71 2 5
23 71 8 3
71 34 1 1
71 41 5 2
53 71 2 1
71 57 6 3
71 75 2 4
79 71 1 5
71 87 2 3
71 94 2 3
96 71 4 4
116 71 4 3
71 118 1 3
130 71 5 3
131 71 2 3
71 134 3 5
140 71 7 1
71 152 2 3
164 71 6 5
71 166 4 3
71 173 6 3
71 178 3 1
71 190 2 3
197 71 8 5
45 72 5 5
72 62 2 2
72 76 8 4
77 72 2 2
72 82 2 5
72 89 5 1
95 72 8 1
98 72 1 2
107 72 7 1
125 72 1 4
72 133 2 2
143 72 4 3
72 148 2 1
149 72 5 4
72 153 6 1
158 72 2 1
183 72 6 5
194 72 6 1
46 73 1 5
73 78 7 4
88 73 5 1
73 100 8 1
104 73 2 5
110 73 7 3
121 73 1 5
125 73 4 2
133 73 2 3
73 143 1 1
73 148 2 1
73 149 7 3
73 150 3 3
163 73 3 1
73 194 2 1
74 41 3 1
44 74 4 1
48 74 8 2
74 52 8 3
74 66 3 3
67 74 1 5
74 68 7 1
74 76 1 2
77 74 7 3
74 78 5 5
74 81 2 1
85 74 8 1
88 74 4 5
74 93 1 3
74 107 4 4
74 122 7 3
127 74 8 4
131 74 4 3
74 133 7 5
74 137 7 2
74 138 3 3
143 74 5 1
145 74 3 1
149 74 8 1
154 74 1 5
158 74 4 5
163 74 4 5
164 74 1 5
165 74 5 1
172 74 7 3
177 74 2 4
191 74 8 1
3 75 8 1
16 75 5 4
75 17 7 2
40 75 6 2
87 75 5 1
75 93 8 3
97 75 3 1
99 75 1 3
75 109 2 2
75 116 5 5
127 75 7 2
75 131 6 5
75 134 7 1
75 137 4 5
75 140 5 1
75 173 3 2
176 75 5 1
177 75 1 1
179 75 7 4
75 181 6 1
75 190 4 1
196 75 8 3
198 75 5 4
75 199 6 5
76 28 8 5
30 76 2 3
76 73 8 3
78 76 8 5
82 76 3 5
76 88 8 2
89 76 6 4
76 90 6 4
104 76 2 1
76 107 3 5
110 76 6 4
125 76 7 3
76 133 5 1
138 76 7 4
150 76 6 4
76 153 1 2
194 76 1 3
25 77 3 3
27 77 2 3
39 77 6 3
77 52 6 3
77 60 2 5
77 61 3 5
77 87 1 3
77 95 6 2
98 77 5 3
77 101 7 4
77 106 2 4
107 77 5 2
77 112 5 2
133 77 6 5
137 77 6 2
138 77 8 2
145 77 2 1
148 77 2 3
77 149 5 3
151 77 6 3
154 77 8 3
159 77 7 1
77 167 6 5
171 77 2 3
77 174 5 2
77 179 4 3
77 183 1 5
77 186 6 2
30 78 6 5
46 78 1 4
63 78 2 2
78 82 3 2
85 78 3 1
89 78 1 1
78 93 7 2
98 78 7 2
100 78 8 1
113 78 5 2
78 121 7 5
127 78 3 1
133 78 5 2
78 137 5 3
78 138 8 2
141 78 1 5
149 78 6 3
153 78 5 2
79 34 4 4
79 38 5 5
79 42 8 2
68 79 3 1
94 79 4 3
111 79 3 5
115 79 3 4
79 116 3 2
79 117 4 1
79 119 1 4
128 79 7 3
79 130 1 1
79 134 7 1
139 79 8 5
79 140 8 2
79 152 4 3
79 166 5 4
79 176 7 2
178 79 8 5
188 79 7 4
79 190 1 1
79 197 3 3
79 198 2 3
80 43 6 5
52 80 7 5
80 84 7 2
86 80 4 2
92 80 1 4
101 80 1 4
80 102 6 5
80 108 8 5
129 80 3 3
80 147 6 3
80 171 6 1
80 185 5 3
186 80 6 3
81 0 6 3
81 16 5 2
81 48 5 3
55 81 5 4
75 81 3 1
77 81 6 2
83 81 4 4
81 99 7 1
122 81 3 3
137 81 8 1
81 151 5 5
165 81 1 4
168 81 6 2
81 171 8 2
179 81 4 4
81 191 5 2
81 199 1 5
85 82 7 3
82 88 1 5
82 89 6 2
82 98 2 1
104 82 8 2
107 82 5 2
82 121 2 1
82 138 8 4
82 141 2 5
82 149 4 1
194 82 5 4
70 83 6 3
75 83 6 2
99 83 6 2
83 114 4 5
120 83 7 3
83 124 1 1
83 135 8 2
83 142 7 3
83 155 5 1
83 168 3 1
169 83 7 2
83 172 8 2
83 173 6 1
83 177 2 3
83 182 3 1
83 191 3 4
192 83 2 2
84 10 1 3
16 84 1 5
84 21 7 4
84 39 5 5
43 84 2 4
83 84 8 3
86 84 8 1
99 84 4 2
101 84 7 3
84 105 7 5
84 108 2 3
84 114 8 2
84 123 4 1
161 84 4 5
84 167 7 5
169 84 5 1
185 84 3 2
186 84 2 4
191 84 8 4
199 84 5 2
22 85 5 5
85 26 8 3
37 85 2 4
85 46 5 4
85 50 1 5
66 85 2 4
85 88 2 2
93 85 6 1
94 85 5 3
85 97 6 2
98 85 1 3
85 127 4 5
85 131 3 4
85 137 8 4
85 138 7 4
141 85 1 4
143 85 4 3
85 151 3 4
85 153 3 1
85 162 1 3
85 181 2 4
86 2 3 5
86 31 3 5
32 86 4 5
54 86 8 3
86 70 6 1
102 86 6 2
86 114 2 5
142 86 1 4
147 86 2 3
86 171 3 2
185 86 4 2
11 87 4 5
25 87 6 5
87 41 5 4
55 87 8 5
87 56 7 4
87 68 8 5
74 87 8 3
81 87 6 4
87 85 3 2
87 88 3 2
93 87 8 3
99 87 6 5
87 107 6 5
87 112 2 1
87 119 2 2
131 87 4 4
87 138 7 3
162 87 5 2
87 163 7 5
87 165 7 4
87 172 1 1
177 87 2 3
179 87 5 2
87 190 3 2
87 191 1 4
198 87 3 3
6 88 6 4
33 88 5 1
88 46 8 1
66 88 3 1
88 78 5 5
88 98 7 4
107 88 6 2
88 113 3 4
88 121 5 3
88 127 3 1
88 137 2 1
150 88 3 4
162 88 8 1
28 89 8 2
89 62 5 2
89 73 3 3
89 90 5 4
98 89 7 5
89 125 7 3
141 89 6 1
89 143 1 5
89 148 8 4
149 89 8 3
153 89 7 3
89 157 3 2
89 194 3 3
90 100 2 1
104 90 5 4
113 90 4 3
90 121 5 3
143 90 1 3
150 90 1 5
90 163 6 2
194 90 8 1
91 7 4 1
120 91 8 5
91 126 2 2
91 135 2 1
91 146 5 4
91 152 2 1
91 155 3 4
91 170 1 4
91 173 4 1
175 91 8 5
192 91 6 3
193 91 5 4
92 10 2 4
86 92 1 5
102 92 4 5
129 92 5 2
92 132 2 5
92 147 6 4
92 159 7 3
171 92 1 4
184 92 1 5
185 92 1 1
92 195 2 3
45 93 5 5
53 93 1 1
63 93 4 1
68 93 5 4
77 93 2 2
93 81 4 4
88 93 5 1
94 93 1 4
93 107 3 3
93 112 5 1
122 93 2 4
131 93 6 4
93 133 4 3
93 138 5 3
93 149 8 3
162 93 1 5
163 93 6 5
164 93 6 3
165 93 3 5
177 93 7 4
179 93 1 5
183 93 4 3
11 94 4 2
94 40 5 2
51 94 6 1
63 94 5 1
94 68 5 4
94 75 5 4
94 96 7 4
97 94 6 5
99 94 1 3
116 94 8 1
94 118 7 4
127 94 5 4
130 94 4 1
131 94 8 1
94 134 1 4
94 138 1 2
139 94 2 4
156 94 4 2
94 162 6 1
164 94 4 5
94 176 6 5
94 177 1 3
94 178 1 4
94 179 2 2
94 181 6 5
94 198 7 1
95 14 2 5
106 95 1 2
107 95 2 5
95 110 1 1
125 95 5 3
132 95 3 4
95 145 4 3
148 95 8 2
95 149 3 4
154 95 7 2
158 95 1 3
95 167 1 1
171 95 7 3
183 95 7 4
185 95 4 5
186 95 2 5
96 7 7 4
96 79 8 2
96 109 8 1
96 116 1 4
119 96 6 3
96 124 4 5
96 130 2 5
140 96 3 5
152 96 7 5
156 96 3 2
160 96 1 3
96 173 3 1
96 176 6 4
178 96 7 3
181 96 7 4
96 190 4 5
198 96 6 2
97 4 2 5
55 97 7 4
97 57 2 2
97 64 3 1
97 88 5 5
97 93 2 4
116 97 5 3
97 119 6 4
127 97 5 5
97 128 3 4
97 136 5 1
97 138 5 3
139 97 2 3
97 140 3 5
97 156 3 2
182 97 2 5
97 198 8 3
98 25 8 5
44 98 2 1
98 53 2 2
98 66 2 4
73 98 2 3
74 98 7 2
76 98 8 4
87 98 3 3
98 93 1 3
98 104 7 1
98 106 4 1
107 98 7 5
98 112 6 5
122 98 1 2
98 125 5 1
98 131 2 4
98 133 5 5
137 98 4 5
138 98 1 2
98 143 7 1
98 145 8 5
98 151 7 3
153 98 2 4
154 98 1 3
98 163 5 4
165 98 6 1
98 179 1 5
98 183 5 5
17 99 4 1
39 99 5 2
48 99 1 3
99 53 5 1
99 54 7 5
99 55 4 1
105 99 7 3
99 109 8 1
142 99 6 4
99 151 8 1
161 99 5 4
164 99 6 2
99 165 6 2
99 173 6 2
99 174 5 3
177 99 6 2
99 179 4 4
99 182 2 3
99 196 4 1
99 199 5 5
100 82 2 2
100 89 1 4
104 100 1 2
150 100 5 5
153 100 2 4
100 157 4 4
163 100 1 5
100 194 3 2
101 0 7 2
101 21 2 5
39 101 5 4
101 61 8 3
101 81 1 1
101 102 5 4
105 101 6 4
114 101 4 1
101 132 2 3
101 142 7 2
101 159 4 5
185 101 6 4
101 191 1 2
195 101 4 1
43 102 4 4
102 52 6 4
129 102 4 2
102 132 4 2
102 159 8 3
102 167 7 5
171 102 6 3
184 102 3 4
102 185 7 2
19 103 1 4
35 103 4 1
96 103 5 4
103 109 6 3
120 103 4 5
103 126 5 1
146 103 4 5
103 155 4 5
103 160 3 2
103 180 1 1
182 103 6 2
192 103 8 3
103 193 5 3
197 103 6 4
104 26 6 3
104 30 8 4
66 104 3 1
104 78 1 1
88 104 1 3
104 107 6 5
121 104 1 2
104 133 3 4
104 138 6 4
104 149 5 1
150 104 8 5
104 157 8 3
162 104 6 4
10 105 2 2
105 12 4 3
105 18 7 4
105 21 7 3
105 29 1 2
105 31 6 2
105 54 1 1
105 70 6 1
105 114 4 1
161 105 4 4
168 105 5 2
169 105 5 4
177 105 7 5
193 105 4 1
105 199 5 1
8 106 8 3
14 106 8 2
106 30 3 3
106 60 8 1
61 106 2 4
72 106 6 5
106 110 2 3
125 106 6 4
148 106 1 4
154 106 6 2
158 106 8 2
194 106 4 2
107 0 5 1
14 107 7 3
16 107 6 1
33 107 4 4
46 107 4 4
107 59 1 3
107 73 4 1
85 107 5 3
107 110 7 3
107 112 3 2
122 107 4 1
107 133 6 3
107 137 7 5
107 143 5 1
107 149 6 3
107 153 7 1
154 107 5 1
163 107 7 5
107 174 8 4
179 107 1 4
108 27 8 5
86 108 2 5
101 108 8 5
102 108 6 4
114 108 3 4
108 129 2 3
108 132 6 1
108 147 4 1
167 108 6 3
108 186 3 1
108 195 2 3
12 109 8 1
18 109 8 3
29 109 3 1
109 69 8 4
109 71 6 5
109 83 6 2
116 109 6 5
109 124 1 1
109 135 3 5
109 140 4 1
152 109 1 4
155 109 3 3
109 164 3 3
168 109 4 4
109 170 3 2
109 173 1 4
109 176 4 5
178 109 8 4
109 182 5 3
109 192 1 2
109 193 2 2
110 27 2 4
67 110 3 1
72 110 1 1
110 77 6 1
110 89 1 3
125 110 6 4
110 145 4 5
148 110 7 1
149 110 8 1
154 110 8 2
110 158 7 3
194 110 5 4
22 111 4 5
64 111 5 4
111 97 6 3
111 118 4 4
128 111 8 4
130 111 8 4
139 111 6 2
144 111 6 1
111 156 8 4
166 111 1 3
181 111 2 5
111 188 2 2
111 190 2 3
112 3 6 3
33 112 5 5
39 112 4 1
112 48 7 3
112 53 3 3
56 112 7 3
112 63 3 4
74 112 7 3
112 75 7 3
112 105 4 4
127 112 7 1
131 112 4 1
112 133 5 3
134 112 3 3
112 138 4 3
112 142 4 1
112 151 6 4
112 164 3 2
165 112 6 1
172 112 8 3
174 112 6 5
112 176 4 4
177 112 1 5
112 182 2 4
112 191 8 4
199 112 2 1
113 28 8 2
113 76 1 1
100 113 6 1
113 141 5 5
113 153 6 3
113 157 3 2
113 163 4 4
29 114 3 4
32 114 2 1
70 114 2 5
123 114 3 2
114 142 1 4
161 114 4 3
191 114 7 3
199 114 5 3
115 9 6 1
115 24 1 5
115 64 7 5
115 111 7 1
115 117 7 3
128 115 5 1
115 130 7 2
115 139 2 3
115 166 7 1
181 115 2 5
188 115 8 4
189 115 4 2
115 190 2 2
116 23 7 3
116 34 1 5
116 36 4 5
42 116 4 3
116 57 7 3
118 116 2 1
116 124 2 3
130 116 5 2
134 116 3 3
116 152 4 4
166 116 8 5
116 176 3 2
116 178 8 2
116 181 1 2
116 182 8 5
116 197 7 3
116 198 3 4
24 117 8 4
117 34 6 4
117 68 6 4
117 111 5 5
116 117 7 4
119 117 7 5
139 117 7 3
117 140 5 3
156 117 1 5
117 176 1 5
181 117 1 5
117 189 7 5
190 117 1 4
198 117 4 2
118 4 4 1
118 34 5 1
55 118 5 4
57 118 2 1
63 118 2 3
75 118 4 3
118 79 3 1
96 118 8 1
97 118 6 2
117 118 1 1
119 118 8 1
131 118 3 2
118 134 4 3
139 118 2 3
140 118 7 4
152 118 1 1
156 118 1 2
164 118 1 3
165 118 8 4
176 118 3 3
118 181 6 4
118 182 6 4
197 118 3 3
119 11 2 2
15 119 6 3
33 119 8 2
42 119 3 4
48 119 5 1
119 55 7 2
119 63 5 2
94 119 8 2
119 116 8 4
131 119 3 3
140 119 2 4
144 119 5 1
156 119 7 4
119 164 4 3
119 165 3 1
166 119 7 2
173 119 5 1
176 119 8 2
119 181 8 5
119 182 6 4
119 197 6 2
119 198 2 1
18 120 8 3
31 120 2 4
120 69 1 1
120 109 5 2
123 120 6 2
120 124 3 5
126 120 3 3
135 120 4 3
169 120 1 2
170 120 3 5
187 120 2 1
192 120 7 2
193 120 2 2
120 199 4 1
44 121 1 4
62 121 2 4
121 76 4 1
89 121 3 5
143 121 3 2
150 121 2 4
163 121 6 4
194 121 2 4
0 122 5 5
122 33 7 2
122 53 5 4
122 67 7 1
122 77 1 3
122 87 1 4
122 99 7 2
101 122 4 2
122 105 6 2
133 122 6 3
122 137 6 3
142 122 1 2
122 151 1 4
122 158 8 4
164 122 5 3
165 122 2 1
167 122 4 2
122 169 8 3
122 179 1 3
122 185 3 1
186 122 1 3
199 122 8 4
123 10 4 1
123 12 1 1
123 31 7 4
123 35 3 4
123 69 8 1
83 123 1 3
86 123 5 3
123 99 3 2
161 123 6 3
123 169 7 3
180 123 6 1
193 123 4 3
123 196 6 4
124 12 7 2
124 18 7 3
29 124 4 5
124 35 5 2
38 124 5 3
71 124 6 2
124 91 7 5
126 124 4 5
124 135 2 5
155 124 7 1
168 124 3 5
124 170 3 2
175 124 7 4
180 124 4 3
124 182 7 5
124 197 4 1
125 44 4 5
59 125 6 3
107 125 1 2
125 145 5 4
148 125 5 5
125 149 2 5
125 154 7 5
158 125 8 4
125 163 4 3
125 194 2 3
126 7 4 3
126 12 3 5
13 126 8 1
126 18 3 2
135 126 6 3
126 146 7 1
155 126 5 3
161 126 5 1
126 168 3 1
173 126 2 1
175 126 3 3
126 187 5 4
126 193 5 2
9 127 2 2
127 11 5 3
127 41 5 4
127 48 1 4
51 127 2 1
127 71 2 3
127 87 2 3
127 93 6 3
118 127 3 3
119 127 2 1
127 130 1 1
133 127 3 2
134 127 6 4
137 127 1 1
138 127 3 5
150 127 2 5
127 156 3 2
162 127 7 4
127 163 6 3
127 166 6 4
182 127 3 2
198 127 8 5
11 128 1 2
22 128 3 1
128 47 7 5
117 128 6 1
118 128 4 4
128 130 2 2
128 136 6 5
128 162 1 4
166 128 3 4
128 181 2 4
188 128 3 5
128 198 5 5
2 129 8 2
129 43 2 5
65 129 4 1
129 132 3 2
159 129 4 2
171 129 5 2
184 129 2 4
130 1 6 5
4 130 3 4
130 20 1 1
97 130 4 2
130 118 5 5
130 119 6 2
130 139 4 4
130 140 3 2
144 130 6 1
130 156 7 5
166 130 3 1
178 130 6 2
181 130 5 4
130 182 5 2
188 130 8 4
190 130 6 5
197 130 2 5
16 131 4 1
131 41 6 2
131 46 7 3
53 131 2 4
131 55 3 1
66 131 1 1
78 131 5 4
81 131 1 1
88 131 7 5
134 131 4 2
137 131 5 5
138 131 6 1
139 131 8 1
151 131 7 4
165 131 1 3
172 131 5 4
176 131 7 4
177 131 6 2
179 131 3 2
80 132 4 2
145 132 2 4
132 154 6 4
159 132 4 2
167 132 2 1
132 171 6 4
132 184 3 1
132 185 5 3
195 132 2 5
3 133 3 2
40 133 5 4
46 133 2 3
133 53 1 2
133 55 5 5
133 62 2 3
133 81 1 5
133 82 3 5
133 85 7 1
94 133 3 1
137 133 3 2
138 133 4 1
133 145 6 5
133 151 4 4
154 133 8 1
163 133 7 2
133 174 1 3
177 133 3 2
133 183 4 1
3 134 3 4
134 19 1 4
23 134 8 4
134 36 4 4
134 38 4 5
134 48 5 2
134 57 5 4
134 109 7 4
119 134 6 1
134 152 2 2
156 134 7 3
134 164 8 2
166 134 1 4
134 176 8 5
182 134 6 2
134 190 6 1
198 134 7 2
12 135 3 5
146 135 4 2
135 155 7 2
160 135 3 3
161 135 1 4
187 135 1 3
135 192 7 1
136 47 2 5
136 127 8 4
139 136 2 2
144 136 5 5
136 150 5 2
136 162 1 2
166 136 1 5
137 3 7 4
53 137 8 4
63 137 3 1
137 93 3 3
137 112 8 2
137 138 6 4
151 137 6 3
158 137 4 3
137 164 8 1
165 137 5 3
172 137 4 5
174 137 2 1
177 137 5 2
183 137 1 5
191 137 8 3
6 138 2 2
138 40 2 2
138 48 1 5
73 138 7 5
75 138 2 2
138 88 5 3
143 138 4 5
149 138 5 3
150 138 3 4
163 138 2 1
165 138 6 4
138 174 4 3
1 139 6 3
139 20 6 5
34 139 2 5
51 139 6 3
68 139 3 5
71 139 1 5
139 85 8 5
139 156 3 2
162 139 4 2
139 166 8 4
139 176 6 4
139 189 6 4
139 190 2 1
198 139 7 4
140 49 2 3
140 68 1 1
140 94 4 3
103 140 4 4
140 124 5 3
140 152 8 4
140 156 3 3
140 160 3 1
140 164 4 5
173 140 2 5
140 175 8 1
140 176 6 4
140 178 3 3
140 181 8 3
140 182 5 4
140 190 4 3
197 140 2 5
28 141 3 2
73 141 8 3
100 141 1 1
141 104 3 5
121 141 1 2
141 150 1 2
142 0 5 5
17 142 6 4
21 142 8 4
35 142 1 2
142 40 2 4
52 142 2 3
142 56 2 5
142 70 3 1
142 81 1 4
84 142 8 3
142 105 4 4
142 161 7 1
142 168 2 5
142 169 5 1
142 172 5 2
142 174 3 2
179 142 6 4
142 196 5 1
199 142 6 4
62 143 6 5
143 76 3 4
143 78 3 5
143 82 8 4
88 143 2 1
93 143 7 3
143 100 4 1
113 143 8 2
125 143 2 1
133 143 2 1
137 143 7 2
143 141 4 2
149 143 7 1
163 143 6 1
4 144 3 3
50 144 5 2
144 64 2 3
79 144 3 1
144 97 3 3
115 144 4 3
144 117 5 2
144 128 5 3
144 156 6 3
166 144 2 2
144 188 3 4
189 144 3 3
144 190 1 1
145 0 5 1
45 145 7 2
145 59 2 5
67 145 4 2
145 72 4 3
101 145 3 3
106 145 6 2
107 145 5 1
122 145 6 1
148 145 6 4
149 145 8 3
151 145 7 4
145 154 4 5
158 145 6 5
145 167 8 2
145 171 5 3
145 195 4 5
146 7 1 4
69 146 3 4
146 120 1 4
146 155 1 4
146 160 2 4
180 146 5 5
146 192 5 1
146 193 2 5
147 10 6 4
43 147 5 4
147 65 8 4
147 167 7 2
147 184 7 3
148 76 2 5
148 98 2 4
148 154 5 5
148 157 3 4
158 148 4 2
163 148 7 1
30 149 8 1
67 149 4 4
76 149 3 5
98 149 1 3
122 149 7 3
133 149 3 3
149 137 6 4
154 149 1 4
163 149 8 1
149 174 7 1
183 149 8 1
149 186 2 2
149 194 6 2
150 78 5 1
150 82 8 1
85 150 5 1
153 150 7 5
162 150 2 4
163 150 7 4
0 151 1 1
151 45 5 2
46 151 3 5
151 48 3 1
151 52 6 5
63 151 7 4
66 151 5 4
151 67 2 3
75 151 8 4
151 93 8 5
151 142 5 1
154 151 3 5
151 158 4 3
151 163 2 2
151 164 2 5
165 151 3 5
172 151 3 1
174 151 3 1
151 177 8 5
151 179 7 3
151 183 2 2
151 191 5 3
42 152 7 3
49 152 7 2
152 103 3 5
152 119 8 3
152 124 6 4
130 152 7 1
160 152 3 2
173 152 5 4
198 152 7 3
153 26 3 1
153 28 4 5
73 153 4 1
153 82 4 2
153 90 4 2
104 153 6 3
153 157 8 2
163 153 1 5
194 153 7 3
0 154 1 1
8 154 2 4
154 52 6 2
154 137 7 2
159 154 6 5
154 174 2 3
183 154 2 1
154 185 6 2
154 186 2 2
154 195 7 1
19 155 2 2
31 155 4 5
35 155 3 4
36 155 8 1
155 161 2 3
155 173 3 5
155 175 3 2
180 155 4 1
155 187 4 2
193 155 4 5
156 3 8 2
156 47 8 1
63 156 7 3
156 64 2 2
71 156 8 3
156 115 5 5
156 128 7 4
131 156 8 3
156 166 6 5
156 176 2 2
178 156 5 5
156 188 5 1
157 30 3 4
157 73 6 1
157 76 2 5
157 82 8 2
90 157 1 4
106 157 5 2
157 110 4 5
157 121 8 4
157 125 7 5
157 141 4 3
157 194 3 4
158 16 2 5
158 27 4 3
62 158 4 5
158 76 3 2
158 77 7 2
98 158 7 4
107 158 6 5
133 158 5 2
158 149 2 3
158 154 6 3
159 158 5 3
158 163 4 3
158 174 7 3
186 158 5 2
159 27 7 1
60 159 5 2
159 80 8 5
159 106 2 5
145 159 5 5
147 159 3 5
159 171 1 1
183 159 4 5
159 185 7 4
159 186 7 1
195 159 5 3
160 12 8 3
160 38 6 4
91 160 1 4
109 160 2 2
120 160 4 5
126 160 6 4
170 160 4 3
173 160 8 1
180 160 4 1
160 192 7 2
35 161 7 1
54 161 1 5
161 70 2 2
120 161 1 1
161 168 2 4
169 161 7 3
161 170 2 2
172 161 5 3
180 161 1 2
191 161 7 3
192 161 5 1
161 193 7 1
161 196 6 1
161 199 5 2
162 11 5 2
162 20 7 4
22 162 1 1
162 41 2 3
78 162 4 4
97 162 8 1
162 138 7 4
156 162 7 5
162 190 7 1
163 33 8 3
163 62 3 5
163 72 7 3
76 163 2 4
163 85 1 3
163 88 4 2
89 163 2 1
163 110 1 1
131 163 7 1
141 163 7 4
163 183 7 3
164 16 7 3
164 17 3 4
41 164 2 1
75 164 4 2
81 164 2 5
87 164 5 1
164 127 4 4
131 164 7 4
164 165 8 1
164 168 4 5
172 164 8 5
176 164 7 3
177 164 8 5
164 178 6 3
179 164 8 5
164 191 6 2
193 164 1 5
164 196 2 4
164 198 4 4
164 199 2 3
41 165 1 5
46 165 6 5
165 55 2 4
57 165 3 3
165 71 5 5
165 85 3 5
94 165 2 2
165 97 2 5
127 165 5 4
165 134 5 2
172 165 6 1
173 165 2 5
177 165 4 1
178 165 2 5
3 166 2 4
166 6 1 3
166 9 7 1
166 24 5 4
166 42 2 1
166 47 7 3
166 97 4 4
162 166 8 3
166 176 1 2
188 166 4 3
166 189 2 1
166 190 4 5
198 166 4 2
10 167 2 5
14 167 7 5
27 167 2 4
167 43 3 5
167 52 5 3
80 167 1 5
86 167 4 1
101 167 3 2
167 129 4 3
142 167 5 4
167 158 2 3
159 167 1 4
167 183 7 5
186 167 5 4
167 195 1 4
168 13 6 2
23 168 6 2
54 168 2 5
168 56 8 4
75 168 2 1
168 99 6 5
103 168 5 2
120 168 8 4
123 168 3 4
168 135 5 3
155 168 1 2
160 168 3 3
177 168 3 3
168 182 3 5
168 191 3 3
168 196 6 2
21 169 3 3
29 169 1 3
31 169 5 4
54 169 8 2
169 69 2 2
81 169 4 5
169 99 1 1
169 109 5 1
168 169 2 3
169 172 8 1
169 191 5 1
199 169 6 4
170 12 6 2
170 103 2 5
155 170 5 1
168 170 3 4
170 175 1 5
180 170 5 3
187 170 1 2
170 193 1 2
171 10 2 4
171 52 3 3
56 171 1 1
171 108 6 3
122 171 7 2
154 171 5 2
158 171 8 5
171 183 3 2
185 171 2 1
186 171 7 2
171 195 6 5
172 21 5 5
172 23 3 1
35 172 5 1
39 172 1 4
172 53 1 1
81 172 1 1
93 172 7 2
172 105 4 5
122 172 6 2
172 168 6 5
172 173 4 2
172 176 6 4
177 172 6 2
179 172 1 1
172 182 7 4
191 172 3 4
172 193 8 5
196 172 2 2
7 173 2 3
38 173 5 2
42 173 3 3
116 173 2 5
124 173 5 5
134 173 5 1
135 173 4 2
168 173 4 3
173 175 1 4
177 173 7 5
178 173 3 4
173 182 1 5
173 193 5 3
173 196 3 2
173 197 3 4
173 198 8 1
173 199 4 1
174 56 3 3
60 174 1 5
174 87 7 2
93 174 1 1
174 95 4 3
122 174 6 2
165 174 3 4
174 177 3 5
174 183 7 5
191 174 5 5
175 96 4 1
103 175 3 4
109 175 1 1
175 146 2 5
175 152 2 3
160 175 1 3
187 175 5 5
193 175 5 3
175 197 3 2
33 176 8 5
36 176 8 3
63 176 6 4
71 176 5 5
87 176 7 2
97 176 6 3
130 176 7 4
178 176 4 4
176 190 1 3
176 198 4 3
16 177 7 3
23 177 7 2
40 177 5 1
41 177 2 4
177 52 2 5
81 177 8 5
84 177 1 1
142 177 6 3
169 177 2 3
179 177 5 3
182 177 4 3
191 177 7 2
177 193 2 3
196 177 7 5
177 199 5 1
15 178 5 1
178 17 8 3
49 178 2 1
55 178 5 2
178 97 2 3
178 103 5 5
178 124 8 2
134 178 2 4
178 182 6 5
178 190 7 1
178 197 3 2
178 198 7 2
179 42 7 2
179 55 2 3
74 179 2 5
179 85 5 2
127 179 8 5
179 137 1 4
165 179 4 1
174 179 2 2
176 179 1 3
179 182 2 2
179 191 7 4
180 12 4 3
180 31 7 5
180 54 4 2
83 180 7 1
180 91 3 5
120 180 4 3
180 135 5 1
180 169 3 4
180 192 8 4
180 196 7 2
1 181 6 4
181 20 1 5
42 181 4 5
181 48 5 5
50 181 7 4
63 181 6 4
71 181 8 2
97 181 3 5
181 127 6 4
181 131 6 5
181 134 5 1
136 181 7 3
181 139 8 5
181 166 8 5
181 182 1 5
188 181 7 3
189 181 1 4
181 198 6 2
182 5 7 3
12 182 3 2
15 182 4 5
182 18 4 3
182 42 4 3
182 51 3 4
182 55 5 3
71 182 3 3
75 182 8 1
182 94 3 2
182 96 6 3
152 182 1 1
182 164 5 1
182 176 4 1
182 198 3 5
199 182 7 2
183 14 8 5
25 183 7 1
183 62 2 3
183 74 2 4
183 106 3 5
183 107 3 3
183 122 8 1
125 183 7 3
138 183 6 5
183 148 1 3
183 158 5 3
183 179 4 1
184 43 8 2
184 65 6 1
70 184 3 1
184 108 6 3
159 184 5 4
184 195 1 1
185 0 7 2
14 185 1 3
185 27 6 5
185 52 3 2
185 60 6 5
185 108 8 1
145 185 7 4
147 185 6 1
158 185 5 1
185 174 8 3
186 185 8 1
195 185 2 1
186 0 5 3
186 10 2 3
52 186 2 3
58 186 2 3
186 60 8 4
81 186 6 1
186 101 7 5
102 186 7 5
186 129 7 5
186 132 7 2
183 186 8 4
184 186 1 5
186 195 7 1
187 124 4 5
146 187 8 1
187 180 6 4
192 187 6 3
188 4 2 2
188 11 1 2
188 189 2 3
9 189 5 4
189 34 2 5
189 130 2 1
189 136 2 5
41 190 7 3
42 190 8 4
47 190 8 5
63 190 3 4
190 68 5 5
94 190 4 2
190 97 3 5
190 116 2 2
119 190 4 2
190 127 3 4
190 128 3 3
131 190 7 5
156 190 5 1
165 190 7 4
190 182 4 3
190 188 1 2
198 190 6 2
191 12 1 2
191 33 3 2
191 40 3 1
54 191 5 2
56 191 8 4
191 75 1 1
93 191 4 3
191 105 1 3
122 191 4 5
191 142 2 5
191 193 3 3
191 196 8 2
12 192 7 3
29 192 5 2
124 192 3 3
192 126 1 3
155 192 6 4
192 170 7 5
192 175 3 1
193 192 2 5
13 193 1 5
193 32 1 1
49 193 7 2
193 57 7 3
69 193 2 5
75 193 1 2
193 99 6 2
193 168 3 1
169 193 2 2
193 178 4 5
193 182 2 3
194 25 6 5
104 194 7 4
194 141 8 4
143 194 4 5
194 163 6 3
8 195 6 2
43 195 8 4
102 195 2 4
16 196 2 1
17 196 2 5
196 35 3 2
196 54 2 1
58 196 6 1
196 81 6 1
196 83 4 1
84 196 3 3
109 196 5 2
196 120 7 2
122 196 6 3
199 196 3 4
19 197 8 4
91 197 7 3
197 109 6 5
197 134 4 1
197 152 6 1
160 197 4 4
197 176 2 1
3 198 4 2
34 198 4 3
41 198 4 3
48 198 6 5
68 198 1 2
118 198 1 4
198 165 5 2
198 197 1 5
199 12 4 3
16 199 7 1
17 199 6 1
19 199 8 4
199 32 1 4
199 39 5 3
199 69 6 3
109 199 6 3
123 199 8 1
199 180 5 5
