22 0 4 4
25 0 8 1
46 0 5 4
0 54 8 4
73 0 3 1
0 74 5 2
75 0 6 1
94 0 5 3
59 1 4 2
1 82 3 5
2 32 6 5
35 2 6 4
36 2 3 3
2 60 7 3
2 76 1 1
2 84 4 4
2 88 6 5
37 3 6 2
3 41 7 2
3 62 7 4
75 3 8 4
25 4 4 5
39 4 7 3
4 48 1 1
4 53 1 2
4 74 8 2
81 4 5 2
4 89 7 4
1 5 8 1
42 5 5 1
43 5 2 4
5 82 1 5
5 91 6 5
5 96 7 2
6 27 5 5
28 6 4 2
63 6 8 2
77 6 8 4
6 78 1 2
6 79 4 5
6 88 7 1
38 7 6 5
7 43 3 3
7 64 7 2
8 19 8 3
20 8 2 5
51 8 5 2
58 8 6 3
8 66 3 4
69 8 2 5
8 72 5 4
8 80 6 4
86 8 3 4
8 92 3 3
16 9 6 4
26 9 2 5
9 47 8 1
10 7 4 5
14 10 6 1
38 10 2 5
10 64 1 2
96 10 8 3
12 11 7 1
18 11 5 2
24 11 6 3
11 42 1 2
70 11 2 3
82 11 8 4
89 11 8 3
24 12 2 3
12 34 5 1
12 57 3 5
12 77 7 1
12 78 4 1
13 34 2 4
13 63 5 1
13 70 2 4
13 72 1 5
14 18 5 3
38 14 7 2
42 14 3 1
14 43 4 4
57 14 8 1
14 64 8 1
14 87 5 5
14 96 4 3
15 0 6 3
15 25 2 3
37 15 5 5
15 41 1 1
15 46 6 4
54 15 2 3
15 62 6 5
65 15 8 5
15 73 2 2
15 94 1 3
98 15 8 4
16 8 5 2
16 20 3 5
47 16 8 2
16 58 8 5
16 80 2 2
16 92 7 5
32 17 7 4
36 17 4 3
17 76 8 5
17 77 3 5
78 17 5 5
17 79 4 4
84 17 6 5
17 90 6 1
18 7 5 5
24 18 4 1
18 38 4 2
43 18 1 5
18 57 8 3
18 64 4 1
18 68 7 5
82 18 3 1
18 87 2 1
29 19 8 5
19 40 1 4
44 19 1 1
19 61 5 2
19 66 7 3
19 80 5 1
86 19 4 5
95 19 8 1
20 22 4 3
58 20 8 1
72 20 8 4
85 20 8 1
1 21 4 1
21 53 8 3
21 91 6 3
22 33 8 5
22 47 6 2
58 22 3 1
65 22 8 2
73 22 2 4
22 85 6 1
23 32 5 5
23 35 1 1
36 23 7 4
79 23 1 2
84 23 6 4
24 14 6 5
24 57 5 4
24 82 7 5
24 89 5 3
39 25 4 1
46 25 8 2
25 65 8 2
25 73 4 4
74 25 7 1
75 25 7 4
25 94 2 5
69 26 5 4
27 17 5 1
27 60 8 2
27 78 2 2
79 27 8 3
44 28 6 5
28 52 3 4
28 56 4 5
66 28 3 2
28 77 8 4
28 88 1 4
29 6 5 1
29 28 7 3
29 63 4 3
66 29 7 1
30 42 6 5
48 30 1 1
31 6 7 2
31 17 6 5
32 31 7 1
77 31 4 1
31 79 2 5
32 36 8 4
60 32 7 5
76 32 6 4
32 77 3 3
79 32 1 3
84 32 7 4
33 47 5 2
33 54 3 2
33 62 8 4
73 33 6 2
85 33 3 1
33 94 4 2
29 34 6 2
55 35 6 5
35 60 5 3
76 35 4 5
35 88 8 4
60 36 3 4
36 90 1 3
41 37 6 2
62 37 6 3
75 37 8 1
97 37 5 2
98 37 2 2
38 17 8 1
38 57 8 3
38 68 8 2
38 96 8 2
30 39 2 5
39 48 8 1
39 74 3 3
81 39 2 4
97 39 3 4
29 40 3 4
56 40 6 2
40 61 2 2
40 66 4 4
40 67 7 5
40 69 5 1
40 80 3 2
40 86 3 3
40 92 6 2
41 98 6 4
53 42 2 3
42 83 8 5
89 42 7 5
42 91 2 2
43 10 2 2
38 43 6 2
49 43 2 5
43 68 3 5
87 43 8 2
86 44 2 4
44 95 3 3
45 20 7 3
40 45 3 2
51 45 2 3
45 58 7 1
67 45 5 5
69 45 8 5
45 92 2 4
62 46 4 5
73 46 1 2
74 46 2 2
20 47 8 2
58 47 6 4
47 85 4 3
25 48 1 2
48 74 7 1
81 48 8 1
49 59 4 1
9 50 4 5
50 26 5 5
69 50 8 4
51 19 4 3
51 29 8 3
40 51 4 5
66 51 4 5
72 51 8 5
80 51 1 4
51 86 3 2
92 51 7 1
52 19 6 3
44 52 4 2
56 52 2 5
61 52 7 1
52 71 6 4
1 53 2 1
53 5 3 4
39 53 6 3
48 53 1 4
53 81 3 1
82 53 3 2
83 53 4 5
53 89 4 5
54 22 1 1
46 54 8 1
88 55 3 1
56 8 3 2
56 29 5 4
56 44 4 3
56 51 5 2
56 66 4 5
56 67 1 1
80 56 5 3
56 86 4 1
11 57 5 3
57 17 4 2
57 78 4 3
72 58 8 4
85 58 4 2
58 92 4 1
59 43 8 2
91 59 1 4
23 60 5 5
60 31 4 5
88 60 4 1
60 90 6 4
28 61 1 4
61 56 1 4
61 66 4 4
61 71 3 2
41 62 1 1
62 54 1 1
65 62 6 5
31 63 5 1
63 34 1 5
93 63 8 3
68 64 7 5
87 64 1 4
65 33 8 5
54 65 2 1
65 75 1 1
65 94 4 2
65 98 4 5
44 66 2 1
69 66 8 1
66 80 4 3
66 86 4 2
67 8 5 2
51 67 2 1
67 61 5 2
67 66 8 4
92 67 2 1
95 67 7 1
67 99 5 4
7 68 2 2
68 10 2 2
68 14 4 3
87 68 4 5
51 69 1 3
80 69 7 5
92 69 4 1
99 69 1 1
74 70 1 5
19 71 2 2
28 71 3 2
44 71 8 2
66 71 8 5
71 86 1 2
72 16 8 3
72 94 3 5
65 73 7 3
73 75 7 1
94 73 2 2
15 75 4 4
75 41 4 3
46 75 4 1
75 62 3 2
76 23 3 5
76 31 8 4
76 77 8 1
76 78 5 4
79 76 1 4
88 76 4 5
77 27 4 1
60 77 1 5
78 77 6 1
79 77 2 1
84 77 1 4
31 78 7 5
79 78 2 1
78 84 7 4
79 2 1 5
28 79 4 5
35 79 5 2
79 36 1 1
79 60 4 2
79 90 6 5
29 80 5 4
80 45 6 5
80 61 7 1
67 80 4 4
30 81 5 1
14 82 7 3
42 82 5 1
82 83 6 4
89 82 6 3
82 91 3 1
5 83 7 3
14 83 2 3
24 83 7 3
89 83 3 1
84 27 7 4
84 36 3 4
76 84 8 2
90 84 8 2
85 54 6 2
86 28 3 1
29 86 8 3
86 52 5 1
86 61 2 2
80 86 8 1
87 38 7 1
87 96 1 2
79 88 3 3
89 30 3 4
89 70 2 2
2 90 1 4
76 90 2 4
1 91 7 3
43 91 7 3
91 53 3 3
91 96 8 5
92 72 5 1
80 92 5 2
93 13 1 5
70 93 4 5
94 22 5 5
94 46 1 3
54 94 5 2
58 94 3 4
94 85 6 1
95 52 1 5
95 56 6 5
95 61 7 4
95 66 3 3
95 71 2 4
86 95 6 4
95 99 4 4
96 18 3 5
42 96 8 4
96 59 1 5
96 64 5 3
96 82 2 3
83 96 1 4
97 25 3 3
98 3 5 2
98 62 5 5
75 98 3 4
